# terminal-art capture
# title: First Emergence
# tick: 1847
# seed: 42
# description: Walker territories after 1847 ticks — five species competing

[48;2;30;33;39m[38;2;62;68;81m     [38;2;17;36;38m·[38;2;62;68;81m            [38;2;30;39;24m·[38;2;62;68;81m [38;2;86;111;69m·[38;2;65;83;51m⠁[38;2;62;68;81m   [38;2;45;38;24m·[38;2;62;68;81m  [38;2;17;36;38m·[38;2;62;68;81m     [38;2;24;20;12m·[38;2;62;68;81m       [38;2;30;39;24m·[38;2;39;24;44m·[38;2;24;20;12m·[38;2;62;68;81m   [38;2;39;24;44m·[38;2;62;68;81m             [38;2;39;24;44m·[38;2;62;68;81m    [38;2;12;26;27m⠈[38;2;62;68;81m [38;2;30;39;24m·[38;2;49;104;110m·[38;2;37;31;20m·[38;2;62;68;81m [38;2;12;26;27m⠈[38;2;19;35;47m·[38;2;62;68;81m     [0m
[48;2;30;33;39m[38;2;62;68;81m       [38;2;12;26;27m⠈[38;2;62;68;81m    [38;2;39;24;44m·[38;2;62;68;81m     [38;2;65;83;51m⠁[38;2;62;68;81m [38;2;45;38;24m·[38;2;62;68;81m  [38;2;19;35;47m·[38;2;21;27;17m⠂[38;2;62;68;81m  [38;2;45;38;24m·[38;2;62;68;81m    [38;2;30;39;24m··[38;2;62;68;81m [38;2;30;39;24m·[38;2;62;68;81m   [38;2;25;21;13m·[38;2;62;68;81m     [38;2;13;25;34m⠠[38;2;62;68;81m  [38;2;39;24;44m·[38;2;62;68;81m  [38;2;17;36;38m·[38;2;62;68;81m     [38;2;12;26;27m⠈[38;2;62;68;81m  [38;2;49;104;110m·[38;2;36;78;83m⠄[38;2;62;68;81m       [38;2;19;35;47m·[38;2;62;68;81m [38;2;49;104;110m·[38;2;62;68;81m    [38;2;18;15;9m·[38;2;62;68;81m  [38;2;39;33;21m·[0m
[48;2;30;33;39m[38;2;30;39;24m·[38;2;62;68;81m  [38;2;42;35;22m·[38;2;62;68;81m              [38;2;86;111;69m·[38;2;62;68;81m   [38;2;86;111;69m·[38;2;62;68;81m [38;2;43;55;34m⠂[38;2;62;68;81m  [38;2;39;24;44m·[38;2;19;35;47m·[38;2;30;39;24m·[38;2;62;68;81m [38;2;39;24;44m·[38;2;62;68;81m      [38;2;41;75;102m⠐[38;2;55;100;136m·[38;2;62;68;81m  [38;2;17;36;38m·[38;2;62;68;81m  [38;2;31;26;16m·[38;2;32;27;17m·[38;2;45;38;24m·[38;2;62;68;81m               [38;2;30;39;24m·[38;2;12;26;27m⠈[38;2;62;68;81m     [38;2;17;36;38m·[38;2;62;68;81m     [38;2;17;36;38m·[38;2;62;68;81m   [0m
[48;2;30;33;39m[38;2;62;68;81m [38;2;30;39;24m·[38;2;19;35;47m·[38;2;62;68;81m             [38;2;65;83;51m⠁[38;2;62;68;81m   [38;2;152;195;121m●[38;2;130;167;103m○[38;2;62;68;81m [38;2;86;111;69m·[38;2;30;39;24m·[38;2;62;68;81m    [38;2;39;24;44m·[38;2;62;68;81m      [38;2;21;27;17m⠂[38;2;62;68;81m    [38;2;97;175;239m●[38;2;62;68;81m [38;2;17;36;38m·[38;2;55;100;136m·[38;2;62;68;81m   [38;2;84;51;94m⡀[38;2;62;68;81m  [38;2;45;38;24m·[38;2;62;68;81m     [38;2;17;36;38m·[38;2;62;68;81m   [38;2;61;130;138m◦[38;2;30;39;24m·[38;2;62;68;81m [38;2;19;35;47m·[38;2;29;24;15m·[38;2;62;68;81m [38;2;49;104;110m·[38;2;62;68;81m  [38;2;86;182;194m●[38;2;62;68;81m [38;2;30;39;24m·[38;2;62;68;81m  [38;2;24;52;55m⠈[38;2;62;68;81m  [38;2;17;36;38m·[38;2;62;68;81m [0m
[48;2;30;33;39m[38;2;62;68;81m      [38;2;23;19;12m·[38;2;62;68;81m [38;2;61;130;138m◦[38;2;62;68;81m [38;2;17;36;38m·[38;2;62;68;81m  [38;2;26;22;14m·[38;2;12;26;27m⠈[38;2;62;68;81m    [38;2;45;38;24m·[38;2;62;68;81m  [38;2;30;25;16m·[38;2;43;55;34m⠂[38;2;62;68;81m    [38;2;45;38;24m·[38;2;62;68;81m    [38;2;19;35;47m·[38;2;62;68;81m      [38;2;32;27;17m·[38;2;62;68;81m   [38;2;41;75;102m⠐[38;2;62;68;81m [38;2;56;34;63m⢀[38;2;62;68;81m        [38;2;24;52;55m⠈[38;2;62;68;81m [38;2;39;24;44m·[38;2;62;68;81m  [38;2;86;182;194m●[38;2;73;156;166m○[38;2;61;130;138m◦[38;2;62;68;81m     [38;2;17;36;38m·[38;2;62;68;81m [38;2;73;156;166m○[38;2;62;68;81m        [38;2;17;36;38m·[0m
[48;2;30;33;39m[38;2;62;68;81m   [38;2;19;35;47m·[38;2;62;68;81m   [38;2;61;130;138m◦[38;2;62;68;81m [38;2;86;182;194m●[38;2;30;39;24m·[38;2;62;68;81m     [38;2;86;111;69m·[38;2;62;68;81m  [38;2;152;195;121m●[38;2;39;24;44m·[38;2;62;68;81m  [38;2;28;17;31m⢀[38;2;62;68;81m      [38;2;39;24;44m·[38;2;62;68;81m  [38;2;45;38;24m·[38;2;30;39;24m·[38;2;62;68;81m [38;2;39;24;44m·[38;2;62;68;81m    [38;2;39;24;44m·[38;2;62;68;81m [38;2;30;25;16m·[38;2;28;17;31m⢀[38;2;62;68;81m [38;2;19;35;47m·[38;2;113;68;126m·[38;2;62;68;81m  [38;2;141;85;157m◦[38;2;62;68;81m                  [38;2;49;104;110m·[38;2;62;68;81m          [0m
[48;2;30;33;39m[38;2;62;68;81m        [38;2;61;130;138m◦[38;2;62;68;81m      [38;2;19;35;47m·[38;2;62;68;81m   [38;2;19;35;47m·[38;2;62;68;81m [38;2;86;111;69m·[38;2;43;55;34m⠂[38;2;62;68;81m [38;2;39;24;44m·[38;2;113;68;126m·[38;2;62;68;81m  [38;2;39;24;44m·[38;2;62;68;81m    [38;2;19;35;47m·[38;2;24;52;55m⠈[38;2;62;68;81m   [38;2;42;35;23m·[38;2;27;50;68m⠠[38;2;39;24;44m··[38;2;62;68;81m  [38;2;13;25;34m⠠[38;2;62;68;81m    [38;2;198;120;221m●[38;2;30;39;24m·[38;2;62;68;81m   [38;2;45;38;24m·[38;2;62;68;81m [38;2;12;26;27m⠈[38;2;62;68;81m         [38;2;30;39;24m·[38;2;62;68;81m [38;2;45;38;24m·[38;2;62;68;81m   [38;2;39;24;44m··[38;2;62;68;81m      [0m
[48;2;30;33;39m[38;2;62;68;81m    [38;2;19;35;47m·[38;2;62;68;81m [38;2;24;52;55m⠈[38;2;30;39;24m·[38;2;19;35;47m·[38;2;62;68;81m   [38;2;24;52;55m⠈[38;2;32;27;17m·[38;2;62;68;81m    [38;2;21;27;17m⠂[38;2;17;36;38m·[38;2;86;111;69m·[38;2;62;68;81m    [38;2;141;85;157m◦[38;2;62;68;81m       [38;2;19;35;47m·[38;2;152;195;121m●[38;2;62;68;81m [38;2;19;35;47m·[38;2;62;68;81m  [38;2;17;36;38m·[38;2;62;68;81m  [38;2;65;83;51m⠁[38;2;62;68;81m       [38;2;56;34;63m⢀[38;2;113;68;126m·[38;2;62;68;81m [38;2;56;34;63m⢀[38;2;28;17;31m⢀[38;2;62;68;81m     [38;2;49;104;110m·[38;2;62;68;81m       [38;2;17;36;38m·[38;2;24;52;55m⠈[38;2;62;68;81m [38;2;39;24;44m·[38;2;62;68;81m [38;2;44;37;23m·[38;2;62;68;81m   [38;2;39;24;44m·[38;2;62;68;81m  [0m
[48;2;30;33;39m[38;2;62;68;81m      [38;2;39;24;44m·[38;2;62;68;81m [38;2;19;35;47m·[38;2;49;104;110m·[38;2;62;68;81m [38;2;24;52;55m⠈[38;2;12;26;27m⠈[38;2;62;68;81m    [38;2;43;55;34m⠂[38;2;17;36;38m·[38;2;62;68;81m   [38;2;21;27;17m⠂[38;2;39;24;44m·[38;2;62;68;81m   [38;2;30;39;24m·[38;2;39;24;44m·[38;2;21;27;17m⠂[38;2;43;55;34m⠂[38;2;62;68;81m [38;2;86;111;69m·[38;2;108;139;86m◦[38;2;62;68;81m     [38;2;65;83;51m⠁[38;2;62;68;81m   [38;2;45;38;24m·[38;2;62;68;81m    [38;2;84;51;94m⡀[38;2;62;68;81m  [38;2;56;34;63m⢀[38;2;62;68;81m [38;2;25;21;13m·[38;2;30;39;24m·[38;2;62;68;81m      [38;2;24;52;55m⠈[38;2;62;68;81m      [38;2;19;35;47m·[38;2;62;68;81m           [0m
[48;2;30;33;39m[38;2;19;35;47m·[38;2;62;68;81m    [38;2;19;35;47m·[38;2;62;68;81m  [38;2;24;52;55m⠈[38;2;62;68;81m  [38;2;12;26;27m⠈[38;2;62;68;81m [38;2;45;38;24m·[38;2;40;33;21m·[38;2;45;38;24m·[38;2;62;68;81m [38;2;21;27;17m⠂[38;2;62;68;81m  [38;2;30;39;24m·[38;2;62;68;81m   [38;2;17;36;38m·[38;2;198;120;221m●[38;2;62;68;81m   [38;2;30;39;24m·[38;2;56;34;63m⢀[38;2;62;68;81m [38;2;65;83;51m⠁[38;2;86;111;69m·[38;2;45;38;24m·[38;2;62;68;81m         [38;2;17;36;38m·[38;2;39;24;44m·[38;2;28;17;31m⢀[38;2;62;68;81m  [38;2;130;109;70m·[38;2;62;68;81m   [38;2;22;18;11m·[38;2;62;68;81m               [38;2;45;38;24m·[38;2;17;36;38m·[38;2;62;68;81m  [38;2;39;24;44m·[38;2;62;68;81m  [38;2;30;39;24m·[38;2;62;68;81m   [0m
[48;2;30;33;39m[38;2;17;36;38m·[38;2;62;68;81m [38;2;23;19;12m·[38;2;62;68;81m      [38;2;36;30;19m·[38;2;62;68;81m                [38;2;141;85;157m◦[38;2;62;68;81m [38;2;43;36;23m·[38;2;62;68;81m    [38;2;86;182;194m●[38;2;86;111;69m·[38;2;62;68;81m    [38;2;12;26;27m⠈[38;2;62;68;81m [38;2;152;195;121m●[38;2;45;38;24m·[38;2;62;68;81m [38;2;28;17;31m⢀[38;2;62;68;81m  [38;2;21;27;17m⠂[38;2;141;85;157m◦[38;2;62;68;81m  [38;2;19;35;47m·[38;2;45;38;24m·[38;2;62;68;81m  [38;2;32;27;17m⠅[38;2;62;68;81m  [38;2;30;39;24m·[38;2;62;68;81m                 [38;2;39;24;44m·[38;2;62;68;81m  [38;2;46;38;24m·[0m
[48;2;30;33;39m[38;2;62;68;81m     [38;2;17;36;38m·[38;2;62;68;81m [38;2;44;37;24m·[38;2;62;68;81m       [38;2;28;17;31m⢀[38;2;62;68;81m   [38;2;17;36;38m·[38;2;65;54;35m⠅[38;2;28;17;31m⢀[38;2;62;68;81m    [38;2;113;68;126m·[38;2;19;35;47m·[38;2;62;68;81m [38;2;28;17;31m⢀[38;2;62;68;81m  [38;2;17;36;38m·[38;2;62;68;81m   [38;2;36;78;83m⠄[38;2;62;68;81m    [38;2;130;167;103m○[38;2;62;68;81m [38;2;28;17;31m⢀[38;2;41;34;22m·[38;2;62;68;81m    [38;2;198;120;221m●[38;2;229;192;123m●[38;2;62;68;81m  [38;2;84;51;94m⡀[38;2;62;68;81m [38;2;39;24;44m·[38;2;62;68;81m                  [38;2;39;24;44m·[38;2;62;68;81m    [38;2;45;38;24m·[0m
[48;2;30;33;39m[38;2;62;68;81m                  [38;2;32;27;17m⠅[38;2;62;68;81m [38;2;98;82;52m⠃[38;2;62;68;81m  [38;2;56;34;63m⢀[38;2;62;68;81m   [38;2;31;26;17m·[38;2;62;68;81m [38;2;17;36;38m·[38;2;27;50;68m⠠[38;2;62;68;81m       [38;2;45;38;24m·[38;2;62;68;81m [38;2;19;35;47m··[38;2;62;68;81m  [38;2;43;55;34m⠂[38;2;62;68;81m    [38;2;45;38;24m·[38;2;141;85;157m◦[38;2;62;68;81m  [38;2;56;34;63m⢀[38;2;62;68;81m [38;2;32;27;17m⠅[38;2;62;68;81m   [38;2;19;35;47m·[38;2;62;68;81m   [38;2;17;36;38m·[38;2;62;68;81m [38;2;45;38;24m·[38;2;62;68;81m       [38;2;41;34;22m·[38;2;19;35;47m·[38;2;62;68;81m     [0m
[48;2;30;33;39m[38;2;39;24;44m·[38;2;62;68;81m    [38;2;18;15;10m·[38;2;62;68;81m       [38;2;32;27;17m⠅[38;2;62;68;81m [38;2;84;51;94m⡀[38;2;62;68;81m  [38;2;65;54;35m⠅[38;2;17;36;38m·[38;2;62;68;81m      [38;2;39;24;44m·[38;2;41;75;102m⠐[38;2;62;68;81m  [38;2;39;24;44m·[38;2;62;68;81m    [38;2;19;35;47m·[38;2;62;68;81m    [38;2;45;38;24m·[38;2;62;68;81m     [38;2;30;39;24m·[38;2;65;54;35m⠅[38;2;62;68;81m    [38;2;56;34;63m⢀[38;2;62;68;81m      [38;2;45;38;24m·[38;2;62;68;81m          [38;2;45;38;24m·[38;2;62;68;81m    [38;2;19;35;47m··[38;2;62;68;81m   [0m
[48;2;30;33;39m[38;2;62;68;81m [38;2;45;38;24m·[38;2;62;68;81m       [38;2;39;24;44m·[38;2;62;68;81m [38;2;130;109;70m·[38;2;62;68;81m  [38;2;84;51;94m⡀[38;2;17;36;38m·[38;2;141;85;157m◦[38;2;17;36;38m·[38;2;229;192;123m●[38;2;62;68;81m [38;2;30;39;24m·[38;2;17;36;38m·[38;2;62;68;81m     [38;2;13;25;34m⠠[38;2;62;68;81m   [38;2;45;38;24m·[38;2;55;100;136m·[38;2;19;35;47m·[38;2;27;50;68m⠠[38;2;41;75;102m⠐[38;2;30;39;24m·[38;2;62;68;81m  [38;2;32;27;17m·[38;2;62;68;81m  [38;2;43;55;34m⠂[38;2;62;68;81m  [38;2;19;35;47m·[38;2;62;68;81m [38;2;45;38;24m·[38;2;65;54;35m⠅[38;2;62;68;81m [38;2;130;109;70m·[38;2;98;82;52m⠃[38;2;30;39;24m·[38;2;62;68;81m    [38;2;19;35;47m·[38;2;62;68;81m [38;2;39;24;44m·[38;2;38;32;20m·[38;2;19;35;47m·[38;2;30;39;24m·[38;2;42;35;22m·[38;2;62;68;81m          [38;2;40;33;21m·[38;2;62;68;81m    [38;2;44;37;24m·[0m
[48;2;30;33;39m[38;2;42;35;22m·[38;2;62;68;81m         [38;2;130;109;70m·[38;2;62;68;81m      [38;2;198;120;221m●[38;2;62;68;81m [38;2;163;137;87m◦[38;2;39;24;44m·[38;2;229;192;123m●[38;2;27;50;68m⠠[38;2;62;68;81m    [38;2;27;50;68m⠠[38;2;62;68;81m   [38;2;45;38;24m·[38;2;62;68;81m  [38;2;41;75;102m⠐[38;2;62;68;81m             [38;2;32;27;17m⠅[38;2;62;68;81m [38;2;98;82;52m⠃[38;2;30;39;24m·[38;2;62;68;81m  [38;2;37;31;20m·[38;2;62;68;81m       [38;2;17;36;38m·[38;2;62;68;81m   [38;2;17;36;38m·[38;2;62;68;81m        [38;2;35;29;18m·[38;2;19;35;47m·[38;2;62;68;81m   [0m
[48;2;30;33;39m[38;2;62;68;81m         [38;2;38;32;20m·[38;2;62;68;81m    [38;2;84;51;94m⡀[38;2;62;68;81m   [38;2;163;137;87m◦[38;2;62;68;81m [38;2;84;51;94m⡀[38;2;27;50;68m⠠[38;2;41;75;102m⠐[38;2;130;109;70m·[38;2;62;68;81m  [38;2;97;175;239m●[38;2;83;150;204m○[38;2;69;125;170m◦[38;2;36;30;19m·[38;2;62;68;81m [38;2;97;175;239m●[38;2;83;150;204m○[38;2;39;24;44m·[38;2;62;68;81m [38;2;41;75;102m⠐[38;2;45;38;24m·[38;2;62;68;81m              [38;2;20;17;11m·[38;2;62;68;81m       [38;2;19;35;47m·[38;2;62;68;81m [38;2;45;38;24m·[38;2;62;68;81m     [38;2;24;20;13m·[38;2;62;68;81m [38;2;30;39;24m·[38;2;19;35;47m·[38;2;62;68;81m [38;2;19;35;47m·[38;2;62;68;81m   [38;2;30;25;16m·[38;2;62;68;81m   [0m
[48;2;30;33;39m[38;2;62;68;81m [38;2;17;36;38m·[38;2;62;68;81m    [38;2;17;36;38m·[38;2;62;68;81m   [38;2;196;164;105m○[38;2;229;192;123m●[38;2;62;68;81m [38;2;17;36;38m·[38;2;62;68;81m [38;2;39;24;44m·[38;2;65;54;35m⠅[38;2;62;68;81m  [38;2;98;82;52m⠃[38;2;62;68;81m     [38;2;32;27;17m⠅[38;2;62;68;81m [38;2;17;36;38m·[38;2;62;68;81m [38;2;55;100;136m·[38;2;62;68;81m [38;2;13;25;34m⠠[38;2;62;68;81m  [38;2;97;175;239m●[38;2;83;150;204m○[38;2;62;68;81m [38;2;55;100;136m·[38;2;62;68;81m [38;2;27;50;68m⠠[38;2;62;68;81m    [38;2;39;24;44m··[38;2;62;68;81m       [38;2;45;38;24m·[38;2;19;35;47m·[38;2;62;68;81m     [38;2;17;36;38m·[38;2;62;68;81m     [38;2;17;36;38m·[38;2;62;68;81m           [38;2;39;24;44m·[38;2;30;39;24m·[0m
[48;2;30;33;39m[38;2;62;68;81m  [38;2;45;38;24m·[38;2;62;68;81m            [38;2;30;39;24m·[38;2;32;27;17m⠅[38;2;62;68;81m [38;2;39;33;21m·[38;2;65;54;35m⠅[38;2;62;68;81m     [38;2;55;100;136m·[38;2;62;68;81m   [38;2;17;36;38m·[38;2;13;25;34m⠠[38;2;45;38;24m·[38;2;62;68;81m [38;2;41;75;102m⠐[38;2;62;68;81m [38;2;69;125;170m◦[38;2;62;68;81m [38;2;41;75;102m⠐[38;2;62;68;81m   [38;2;37;31;20m·[38;2;62;68;81m     [38;2;45;38;24m·[38;2;62;68;81m  [38;2;45;38;24m·[38;2;62;68;81m                      [38;2;39;24;44m·[38;2;62;68;81m      [0m
[48;2;30;33;39m[38;2;62;68;81m     [38;2;30;39;24m·[38;2;62;68;81m   [38;2;17;36;38m·[38;2;130;109;70m·[38;2;163;137;87m◦[38;2;62;68;81m        [38;2;65;54;35m⠅[38;2;62;68;81m [38;2;23;19;12m·[38;2;62;68;81m     [38;2;13;25;34m⠠[38;2;62;68;81m  [38;2;27;50;68m⠠[38;2;62;68;81m      [38;2;13;25;34m⠠[38;2;62;68;81m   [38;2;19;35;47m·[38;2;62;68;81m           [38;2;30;39;24m·[38;2;62;68;81m [38;2;45;38;24m·[38;2;62;68;81m       [38;2;17;36;38m·[38;2;62;68;81m      [38;2;37;31;20m·[38;2;30;39;24m·[38;2;62;68;81m    [38;2;45;38;24m·[38;2;62;68;81m  [0m
[48;2;30;33;39m[38;2;62;68;81m         [38;2;46;38;24m·[38;2;98;82;52m⠃[38;2;62;68;81m       [38;2;30;39;24m·[38;2;62;68;81m      [38;2;27;50;68m⠠[38;2;62;68;81m  [38;2;30;39;24m·[38;2;62;68;81m                 [38;2;39;24;44m·[38;2;62;68;81m   [38;2;39;24;44m·[38;2;62;68;81m               [38;2;19;35;47m·[38;2;62;68;81m     [38;2;38;32;20m·[38;2;30;39;24m·[38;2;62;68;81m [38;2;17;36;38m·[38;2;62;68;81m [38;2;19;35;47m·[38;2;62;68;81m  [0m
[48;2;30;33;39m[38;2;62;68;81m                [38;2;19;35;47m·[38;2;62;68;81m    [38;2;30;39;24m·[38;2;62;68;81m    [38;2;19;35;47m·[38;2;62;68;81m    [38;2;30;39;24m·[38;2;13;25;34m⠠[38;2;62;68;81m     [38;2;30;39;24m·[38;2;39;24;44m·[38;2;62;68;81m   [38;2;39;24;44m·[38;2;62;68;81m        [38;2;17;36;38m·[38;2;39;24;44m·[38;2;62;68;81m     [38;2;45;38;24m·[38;2;30;39;24m·[38;2;62;68;81m            [38;2;39;24;44m·[38;2;62;68;81m    [38;2;39;24;44m·[38;2;62;68;81m [0m
