# title: Gradient Flow 01
# cols: 96
# rows: 22
# fontsize: 13
# date: 2026-02-20
# script: experiments/gradient_flow.py --walkers 250 --seed 17

[38;2;194;93;97m◦[38;2;195;92;96m◦[38;2;195;90;94m▒[38;2;196;89;92m░[38;2;197;88;91m░[38;2;197;87;89m·[38;2;198;86;88m▒[38;2;198;86;88m·[38;2;198;86;87m▒[38;2;198;86;87m░[38;2;198;86;88m▒[38;2;197;87;88m░[38;2;197;88;89m░[38;2;196;89;90m░[38;2;195;91;92m░[38;2;194;93;93m·[38;2;193;95;95m▒[38;2;192;97;97m·[38;2;191;99;99m◦[38;2;190;102;101m◦[38;2;189;104;103m◦[38;2;188;106;105m·[38;2;187;109;106m░[38;2;186;111;108m▒[38;2;185;114;110m▒[38;2;184;116;111m◉[38;2;184;119;113m▒[38;2;183;122;114m◆[38;2;182;124;116m◉[38;2;182;127;117m◉[38;2;181;129;118m▒[38;2;181;132;119m◆[38;2;181;134;120m◆[38;2;181;137;121m▒[38;2;181;140;122m◉[38;2;181;142;122m◆[38;2;182;145;123m◆[38;2;182;147;123m◆[38;2;183;149;123m▒[38;2;184;152;123m◆[38;2;185;154;123m●[38;2;186;156;123m◉[38;2;186;158;123m▒[38;2;187;159;123m◉[38;2;188;161;122m▒[38;2;189;162;122m◆[38;2;189;163;122m▒[38;2;190;164;122m▒[38;2;190;165;122m◉[38;2;190;165;122m◆[38;2;189;166;122m▒[38;2;189;166;123m●[38;2;188;166;123m◆[38;2;187;166;124m●[38;2;185;166;124m◉[38;2;184;166;125m▒[38;2;182;165;126m◆[38;2;181;165;127m◆[38;2;179;165;128m●[38;2;177;165;129m●[38;2;175;165;130m●[38;2;172;164;131m●[38;2;170;164;132m●[38;2;168;164;133m▒[38;2;166;164;134m▒[38;2;163;164;135m◉[38;2;161;164;137m◉[38;2;158;163;138m●[38;2;156;163;139m◆[38;2;153;163;140m▒[38;2;150;163;142m◉[38;2;148;163;143m◆[38;2;145;163;144m▒[38;2;142;163;146m◆[38;2;139;163;147m▒[38;2;136;163;148m◉[38;2;133;163;150m◉[38;2;131;163;151m◉[38;2;128;163;152m●[38;2;125;163;154m◉[38;2;123;163;155m◉[38;2;121;163;156m▒[38;2;119;163;157m▒[38;2;117;163;158m●[38;2;116;163;158m◆[38;2;115;163;159m◆[38;2;114;163;159m▒[38;2;113;163;160m●[38;2;113;163;160m◆[38;2;113;163;160m▒[38;2;113;163;160m▒[38;2;114;163;159m▒[38;2;114;163;159m▒[38;2;115;163;159m▒[38;2;115;163;158m▒[38;2;116;163;158m▒[0m
[38;2;195;91;95m▒[38;2;196;89;93m◦[38;2;197;88;91m▒[38;2;198;86;89m·[38;2;199;85;87m░[38;2;199;84;86m◦[38;2;200;83;85m░[38;2;200;82;84m◦[38;2;200;82;84m░[38;2;200;82;84m▒[38;2;200;83;84m·[38;2;199;84;85m·[38;2;198;86;87m░[38;2;197;87;88m·[38;2;196;89;90m░[38;2;195;92;92m░[38;2;194;94;94m▒[38;2;193;96;97m◦[38;2;191;99;99m·[38;2;190;102;101m·[38;2;189;104;103m▒[38;2;188;107;105m░[38;2;187;110;107m▒[38;2;186;112;109m◉[38;2;185;115;111m●[38;2;184;117;112m◆[38;2;183;120;114m●[38;2;182;122;115m▒[38;2;182;125;117m▒[38;2;181;127;118m●[38;2;181;130;119m◉[38;2;181;132;120m◉[38;2;181;135;121m◆[38;2;181;137;121m●[38;2;181;140;122m▒[38;2;181;142;123m▒[38;2;182;144;123m▒[38;2;182;147;123m◉[38;2;183;149;123m▒[38;2;184;151;123m◆[38;2;185;154;123m◆[38;2;186;156;123m●[38;2;187;158;123m▒[38;2;188;160;122m◆[38;2;190;162;122m◆[38;2;191;163;122m◉[38;2;192;165;121m●[38;2;193;166;121m◆[38;2;194;167;120m▒[38;2;194;167;120m◆[38;2;194;168;120m●[38;2;194;168;120m▒[38;2;193;168;121m▒[38;2;192;168;121m▒[38;2;191;168;122m◉[38;2;190;168;123m◆[38;2;188;168;123m●[38;2;186;167;124m◉[38;2;184;167;125m◆[38;2;181;167;127m▒[38;2;179;166;128m▒[38;2;176;166;129m◆[38;2;173;166;130m▒[38;2;171;165;132m●[38;2;168;165;133m▒[38;2;165;165;135m◉[38;2;162;164;136m◉[38;2;158;164;138m●[38;2;155;164;139m▒[38;2;152;164;141m●[38;2;149;164;142m▒[38;2;146;164;144m●[38;2;142;164;146m▒[38;2;139;164;147m●[38;2;136;164;149m▒[38;2;132;164;150m●[38;2;129;164;152m●[38;2;126;164;153m▒[38;2;123;164;155m◆[38;2;120;164;156m▒[38;2;118;164;158m▒[38;2;115;164;159m▒[38;2;113;164;160m▒[38;2;111;164;161m◆[38;2;110;164;161m◆[38;2;109;164;162m●[38;2;108;164;162m◉[38;2;107;164;163m▒[38;2;107;164;163m◆[38;2;107;164;163m▒[38;2;108;164;162m◆[38;2;108;164;162m◆[38;2;109;164;162m▒[38;2;110;164;161m▒[38;2;111;163;161m◆[38;2;112;163;160m◆[0m
[38;2;196;89;93m·[38;2;197;87;91m░[38;2;198;86;89m░[38;2;199;84;87m░[38;2;200;82;85m░[38;2;201;81;83m░[38;2;201;80;82m·[38;2;202;80;81m·[38;2;202;79;81m░[38;2;202;80;81m·[38;2;201;80;82m◦[38;2;201;82;83m▒[38;2;200;83;84m░[38;2;198;85;86m░[38;2;197;88;89m◦[38;2;196;90;91m◦[38;2;194;93;94m·[38;2;193;95;96m░[38;2;191;98;99m░[38;2;190;101;101m▒[38;2;189;104;103m·[38;2;187;107;105m░[38;2;186;110;107m░[38;2;185;112;109m●[38;2;184;115;111m▒[38;2;183;117;113m◉[38;2;183;120;114m▒[38;2;182;122;116m▒[38;2;181;125;117m▒[38;2;181;127;118m◉[38;2;181;129;119m◆[38;2;180;132;120m▒[38;2;180;134;121m●[38;2;180;136;122m●[38;2;180;138;122m●[38;2;181;141;123m◆[38;2;181;143;123m◉[38;2;181;145;124m●[38;2;182;148;124m▒[38;2;183;150;124m▒[38;2;184;152;124m●[38;2;185;154;124m▒[38;2;186;157;123m▒[38;2;188;159;123m●[38;2;189;161;122m●[38;2;191;163;122m●[38;2;193;165;121m▒[38;2;194;166;120m▒[38;2;196;168;120m▒[38;2;197;169;119m◆[38;2;198;170;119m●[38;2;198;170;118m◉[38;2;199;171;118m▒[38;2;198;171;118m◉[38;2;198;171;119m◆[38;2;197;171;119m◆[38;2;195;170;120m▒[38;2;193;170;121m◆[38;2;191;169;122m◆[38;2;188;169;124m◆[38;2;185;168;125m●[38;2;182;168;127m▒[38;2;178;167;128m●[38;2;174;167;130m●[38;2;171;166;132m▒[38;2;167;166;134m▒[38;2;163;165;136m●[38;2;159;165;137m▒[38;2;155;165;139m▒[38;2;151;165;141m●[38;2;147;164;143m●[38;2;143;164;145m●[38;2;139;164;147m◆[38;2;135;164;149m●[38;2;132;164;151m▒[38;2;128;164;153m●[38;2;124;164;154m▒[38;2;121;164;156m◉[38;2;117;164;158m●[38;2;114;164;159m●[38;2;111;165;161m◆[38;2;109;165;162m◉[38;2;106;165;163m▒[38;2;104;165;164m▒[38;2;103;165;165m▒[38;2;102;165;166m◆[38;2;101;165;166m◉[38;2;100;165;166m◉[38;2;100;165;166m◉[38;2;101;165;166m▒[38;2;101;165;166m●[38;2;102;165;165m◆[38;2;103;165;165m●[38;2;105;164;164m▒[38;2;106;164;163m▒[38;2;107;164;162m◆[0m
[38;2;197;89;93m·[38;2;198;87;91m░[38;2;199;85;88m░[38;2;200;83;86m░[38;2;201;81;84m◦[38;2;202;80;82m◦[38;2;202;79;80m▒[38;2;203;78;79m◦[38;2;203;77;78m·[38;2;203;78;78m▒[38;2;203;78;79m◦[38;2;202;79;80m◦[38;2;201;81;82m▒[38;2;200;83;84m░[38;2;198;85;86m◦[38;2;197;88;89m◦[38;2;195;91;92m░[38;2;194;93;94m░[38;2;192;96;97m░[38;2;191;99;100m◦[38;2;189;102;102m▒[38;2;188;105;105m░[38;2;187;108;107m·[38;2;185;111;109m◉[38;2;184;113;111m●[38;2;183;116;113m▒[38;2;183;118;114m▒[38;2;182;121;116m▒[38;2;181;123;117m▒[38;2;181;125;118m◉[38;2;180;128;119m▒[38;2;180;130;120m▒[38;2;180;132;121m◆[38;2;179;134;122m●[38;2;179;136;123m●[38;2;179;138;123m▒[38;2;180;140;124m▒[38;2;180;143;124m◆[38;2;180;145;125m▒[38;2;181;147;125m▒[38;2;182;149;125m◆[38;2;183;152;125m◉[38;2;184;154;124m◆[38;2;185;156;124m▒[38;2;187;158;123m●[38;2;189;161;123m●[38;2;191;163;122m●[38;2;193;165;121m◆[38;2;195;167;120m◉[38;2;197;168;119m◉[38;2;199;170;118m◆[38;2;200;171;118m◉[38;2;202;172;117m◉[38;2;202;173;117m▒[38;2;203;173;116m◆[38;2;202;173;117m◉[38;2;201;173;117m◉[38;2;200;172;118m●[38;2;197;172;119m◆[38;2;194;171;120m◉[38;2;191;170;122m◆[38;2;187;169;124m◆[38;2;183;169;126m◆[38;2;179;168;128m▒[38;2;174;167;130m◆[38;2;169;167;133m◆[38;2;164;166;135m◉[38;2;159;166;137m◉[38;2;154;165;140m●[38;2;149;165;142m▒[38;2;145;165;145m◆[38;2;140;165;147m▒[38;2;135;165;149m◉[38;2;131;165;151m◆[38;2;126;165;153m▒[38;2;122;165;156m▒[38;2;118;165;158m▒[38;2;114;165;159m◆[38;2;110;165;161m▒[38;2;107;165;163m●[38;2;104;165;165m●[38;2;101;165;166m▒[38;2;99;166;167m◆[38;2;97;166;168m◉[38;2;95;166;169m●[38;2;94;166;170m◉[38;2;93;166;170m▒[38;2;93;166;170m◆[38;2;93;166;170m▒[38;2;94;166;170m◉[38;2;95;166;169m●[38;2;96;165;168m▒[38;2;98;165;168m▒[38;2;99;165;167m▒[38;2;101;165;166m▒[38;2;103;165;165m◆[0m
[38;2;197;89;95m░[38;2;198;88;92m◦[38;2;199;86;90m·[38;2;200;84;87m◦[38;2;201;82;84m▒[38;2;202;80;82m░[38;2;202;79;80m◦[38;2;203;77;79m◦[38;2;203;77;78m▒[38;2;204;76;77m▒[38;2;203;77;77m◦[38;2;203;77;78m░[38;2;202;79;80m◦[38;2;201;80;81m◦[38;2;200;82;84m·[38;2;198;85;86m◦[38;2;197;88;89m░[38;2;195;90;92m▒[38;2;194;93;95m▒[38;2;192;96;98m░[38;2;190;99;100m▒[38;2;189;102;103m·[38;2;187;105;105m░[38;2;186;108;108m░[38;2;185;111;110m▒[38;2;184;113;112m●[38;2;183;116;114m▒[38;2;182;118;115m◉[38;2;181;121;117m◆[38;2;180;123;118m▒[38;2;180;125;119m●[38;2;179;127;120m▒[38;2;179;129;122m◆[38;2;178;131;122m●[38;2;178;133;123m◆[38;2;178;135;124m◆[38;2;178;137;125m●[38;2;178;139;125m▒[38;2;178;141;126m●[38;2;178;143;126m▒[38;2;179;145;127m◆[38;2;179;147;127m●[38;2;180;150;127m◉[38;2;181;152;126m◆[38;2;182;154;126m▒[38;2;184;157;126m●[38;2;186;159;125m▒[38;2;187;161;124m◆[38;2;190;163;123m◉[38;2;192;165;122m◉[38;2;194;167;121m●[38;2;197;169;120m◉[38;2;199;170;119m◆[38;2;200;172;118m▒[38;2;202;172;117m▒[38;2;202;173;117m◉[38;2;202;173;117m▒[38;2;201;173;117m▒[38;2;200;172;118m◉[38;2;197;172;119m▒[38;2;194;171;121m◉[38;2;189;170;123m▒[38;2;185;169;125m●[38;2;180;168;128m◉[38;2;174;168;130m◆[38;2;169;167;133m◆[38;2;163;166;136m◉[38;2;157;166;139m◉[38;2;151;165;141m▒[38;2;146;165;144m▒[38;2;140;165;147m▒[38;2;135;165;149m●[38;2;130;165;152m●[38;2;125;165;154m▒[38;2;120;165;157m▒[38;2;115;165;159m◉[38;2;111;165;161m◆[38;2;107;165;163m▒[38;2;103;166;165m▒[38;2;99;166;167m▒[38;2;96;166;168m▒[38;2;93;166;170m▒[38;2;91;166;171m▒[38;2;89;166;172m▒[38;2;88;166;173m◆[38;2;87;166;173m◆[38;2;87;166;174m◆[38;2;87;166;173m◉[38;2;87;166;173m▒[38;2;88;166;173m▒[38;2;90;166;172m◉[38;2;91;166;171m◆[38;2;93;166;170m●[38;2;95;166;169m▒[38;2;97;165;168m●[38;2;100;165;166m▒[0m
[38;2;196;91;98m░[38;2;197;89;95m▒[38;2;198;88;93m░[38;2;199;86;90m◦[38;2;200;84;88m▒[38;2;201;82;85m░[38;2;201;80;83m▒[38;2;202;79;81m◦[38;2;203;78;79m◦[38;2;203;77;78m·[38;2;204;76;77m░[38;2;204;77;77m◦[38;2;203;77;78m·[38;2;202;78;79m◦[38;2;201;80;81m◦[38;2;200;82;84m▒[38;2;199;84;86m·[38;2;197;87;89m░[38;2;195;90;92m░[38;2;194;93;95m░[38;2;192;96;98m░[38;2;190;99;101m◦[38;2;189;102;103m░[38;2;187;105;106m░[38;2;186;107;108m░[38;2;184;110;110m·[38;2;183;113;113m●[38;2;182;115;114m◉[38;2;181;117;116m●[38;2;180;120;118m▒[38;2;179;122;119m◆[38;2;178;124;121m▒[38;2;177;126;122m▒[38;2;177;128;123m◉[38;2;176;130;124m▒[38;2;176;132;125m●[38;2;175;133;126m◆[38;2;175;135;127m▒[38;2;175;137;128m●[38;2;175;139;129m●[38;2;174;141;129m▒[38;2;175;143;130m◉[38;2;175;145;130m◆[38;2;175;147;130m●[38;2;176;149;130m▒[38;2;177;151;130m◆[38;2;178;154;130m◆[38;2;179;156;129m◆[38;2;181;158;128m◆[38;2;183;160;128m●[38;2;185;162;127m▒[38;2;187;164;125m●[38;2;189;166;124m◆[38;2;191;167;123m▒[38;2;192;168;122m◆[38;2;193;169;122m●[38;2;194;170;121m▒[38;2;194;170;121m●[38;2;193;170;122m◆[38;2;191;170;123m●[38;2;188;169;124m◆[38;2;184;169;126m◆[38;2;179;168;128m▒[38;2;174;167;131m◉[38;2;169;167;133m●[38;2;163;166;136m▒[38;2;157;166;139m●[38;2;151;165;141m◆[38;2;146;165;144m▒[38;2;140;165;147m▒[38;2;134;165;149m▒[38;2;128;165;152m◆[38;2;123;165;155m●[38;2;118;165;157m▒[38;2;113;165;160m▒[38;2;109;165;162m◆[38;2;104;166;164m●[38;2;100;166;166m●[38;2;97;166;168m◆[38;2;93;166;170m◉[38;2;90;166;171m◆[38;2;88;166;173m▒[38;2;86;167;174m◆[38;2;84;167;175m●[38;2;84;167;175m▒[38;2;83;167;175m◆[38;2;83;167;175m◉[38;2;84;167;175m▒[38;2;84;167;175m●[38;2;86;167;174m●[38;2;87;166;173m▒[38;2;89;166;172m▒[38;2;92;166;171m◆[38;2;94;166;169m◆[38;2;96;166;168m◉[38;2;99;166;167m●[0m
[38;2;196;94;102m◦[38;2;196;92;100m░[38;2;197;91;98m▒[38;2;197;89;96m·[38;2;198;88;93m▒[38;2;199;86;91m◦[38;2;200;84;88m◦[38;2;200;82;86m░[38;2;201;81;84m◦[38;2;202;80;82m░[38;2;202;79;80m◦[38;2;203;78;80m░[38;2;203;78;79m▒[38;2;202;78;80m▒[38;2;202;79;81m░[38;2;201;81;83m▒[38;2;200;83;85m·[38;2;198;85;87m·[38;2;197;87;90m░[38;2;195;90;93m░[38;2;193;93;96m░[38;2;191;95;99m·[38;2;190;98;101m░[38;2;188;101;104m◦[38;2;186;104;107m·[38;2;185;107;110m░[38;2;183;110;112m·[38;2;182;112;114m▒[38;2;180;115;116m▒[38;2;179;117;118m▒[38;2;178;119;120m◉[38;2;177;121;122m●[38;2;176;123;124m◉[38;2;175;125;125m●[38;2;174;127;127m▒[38;2;173;129;128m●[38;2;172;131;129m▒[38;2;171;133;130m▒[38;2;171;135;131m▒[38;2;170;136;132m◉[38;2;169;138;133m●[38;2;169;140;134m●[38;2;169;142;135m●[38;2;168;144;136m◆[38;2;168;145;136m▒[38;2;168;147;136m◉[38;2;169;149;137m▒[38;2;169;151;137m▒[38;2;170;153;136m●[38;2;171;154;136m●[38;2;172;156;135m◆[38;2;173;158;135m▒[38;2;174;159;134m●[38;2;175;161;133m◉[38;2;177;162;132m▒[38;2;177;163;131m◆[38;2;178;164;131m◆[38;2;178;165;131m▒[38;2;177;165;131m●[38;2;176;166;131m▒[38;2;174;166;132m◉[38;2;171;166;133m▒[38;2;167;165;135m●[38;2;163;165;136m▒[38;2;159;165;138m◆[38;2;154;165;140m◉[38;2;149;165;143m◉[38;2;144;165;145m▒[38;2;138;165;147m●[38;2;133;165;150m▒[38;2;128;165;152m●[38;2;123;165;154m▒[38;2;118;165;157m◉[38;2;113;165;159m◉[38;2;108;165;162m▒[38;2;104;166;164m▒[38;2;100;166;166m▒[38;2;96;166;168m▒[38;2;93;166;170m◉[38;2;90;166;171m▒[38;2;88;167;172m◆[38;2;86;167;174m●[38;2;85;167;174m◉[38;2;84;167;175m●[38;2;84;167;175m●[38;2;84;167;175m●[38;2;84;167;175m▒[38;2;85;167;174m▒[38;2;86;167;173m◆[38;2;88;166;172m▒[38;2;90;166;171m●[38;2;92;166;170m▒[38;2;94;166;169m◉[38;2;96;166;168m◆[38;2;99;166;166m◉[38;2;101;166;165m◉[0m
[38;2;195;96;106m·[38;2;196;96;105m░[38;2;196;95;104m░[38;2;197;94;102m·[38;2;197;92;100m░[38;2;197;91;98m◦[38;2;198;90;96m·[38;2;198;88;94m░[38;2;199;86;92m▒[38;2;199;85;90m░[38;2;200;84;88m◦[38;2;200;83;86m·[38;2;200;82;85m░[38;2;200;82;85m░[38;2;200;82;85m▒[38;2;200;83;86m·[38;2;199;84;87m░[38;2;198;85;89m░[38;2;197;87;91m░[38;2;195;89;93m◦[38;2;193;92;96m◦[38;2;192;94;99m◦[38;2;190;97;102m·[38;2;188;100;105m▒[38;2;186;103;108m◦[38;2;184;105;111m░[38;2;182;108;113m◦[38;2;181;111;116m░[38;2;179;113;118m◉[38;2;177;116;121m◆[38;2;176;118;123m▒[38;2;174;120;125m●[38;2;173;123;127m▒[38;2;171;125;129m◉[38;2;170;127;131m●[38;2;169;128;133m▒[38;2;167;130;134m◆[38;2;166;132;136m◆[38;2;165;134;137m▒[38;2;164;136;139m●[38;2;163;137;140m▒[38;2;162;139;142m▒[38;2;161;140;143m▒[38;2;160;142;144m▒[38;2;159;144;145m▒[38;2;158;145;146m◉[38;2;158;147;146m◆[38;2;157;148;147m▒[38;2;157;150;147m◉[38;2;157;151;147m◆[38;2;157;153;147m◆[38;2;158;154;147m●[38;2;158;155;146m◉[38;2;159;156;146m◉[38;2;159;158;145m▒[38;2;160;159;144m▒[38;2;160;160;143m●[38;2;160;160;142m▒[38;2;160;161;142m◉[38;2;159;162;142m▒[38;2;158;162;141m◆[38;2;156;163;142m◉[38;2;154;163;142m◆[38;2;151;163;143m◆[38;2;148;163;144m▒[38;2;145;164;145m▒[38;2;141;164;146m●[38;2;137;164;148m▒[38;2;132;164;149m●[38;2;128;165;151m●[38;2;124;165;153m▒[38;2;119;165;155m◆[38;2;115;165;157m▒[38;2;111;166;159m◉[38;2;107;166;161m▒[38;2;103;166;164m●[38;2;100;166;165m▒[38;2;96;166;167m◉[38;2;94;166;169m▒[38;2;92;167;170m▒[38;2;90;167;171m◆[38;2;89;167;172m●[38;2;88;167;172m◉[38;2;88;167;172m▒[38;2;88;167;172m▒[38;2;89;167;172m◉[38;2;90;167;171m◉[38;2;91;167;170m▒[38;2;93;166;170m▒[38;2;94;166;169m▒[38;2;96;166;168m◆[38;2;98;166;167m●[38;2;100;166;165m▒[38;2;102;166;164m◉[38;2;104;166;163m▒[38;2;106;166;162m▒[0m
[38;2;196;99;110m░[38;2;196;98;109m░[38;2;197;98;109m▒[38;2;197;97;108m░[38;2;197;97;107m░[38;2;197;96;106m◦[38;2;197;95;105m░[38;2;197;94;103m◦[38;2;197;93;102m·[38;2;197;92;100m·[38;2;197;91;98m░[38;2;197;90;97m░[38;2;197;89;95m·[38;2;197;88;94m·[38;2;197;88;94m◦[38;2;197;88;94m·[38;2;196;88;94m░[38;2;195;89;95m░[38;2;194;91;97m░[38;2;193;92;99m░[38;2;191;94;101m·[38;2;190;96;104m░[38;2;188;99;106m·[38;2;186;101;109m·[38;2;184;104;112m·[38;2;182;107;115m◦[38;2;180;109;118m▒[38;2;178;112;121m◉[38;2;176;115;124m▒[38;2;174;117;126m◉[38;2;172;119;129m▒[38;2;170;122;131m▒[38;2;168;124;134m▒[38;2;166;126;136m▒[38;2;164;128;138m◆[38;2;163;130;140m▒[38;2;161;132;142m◆[38;2;159;134;144m●[38;2;157;135;146m▒[38;2;156;137;148m◉[38;2;154;139;150m▒[38;2;152;140;152m▒[38;2;150;142;154m●[38;2;149;143;156m▒[38;2;147;145;157m●[38;2;146;146;159m▒[38;2;144;147;160m▒[38;2;143;149;161m▒[38;2;142;150;162m◉[38;2;142;151;162m◆[38;2;141;152;162m▒[38;2;141;153;162m◉[38;2;141;154;162m●[38;2;142;155;161m◉[38;2;142;156;159m◆[38;2;143;157;158m●[38;2;144;157;156m●[38;2;145;158;154m▒[38;2;145;159;153m▒[38;2;145;160;151m◉[38;2;145;160;150m▒[38;2;145;161;149m◉[38;2;144;162;148m◆[38;2;142;162;147m●[38;2;140;163;147m◉[38;2;138;163;147m▒[38;2;135;164;147m▒[38;2;132;164;148m◆[38;2;129;165;149m●[38;2;126;165;150m◆[38;2;123;165;152m▒[38;2;119;166;153m●[38;2;115;166;155m◆[38;2;112;166;157m◉[38;2;109;166;159m◉[38;2;105;166;161m◉[38;2;103;166;163m▒[38;2;100;167;164m▒[38;2;98;167;165m▒[38;2;97;167;166m◆[38;2;96;167;167m◆[38;2;95;167;167m▒[38;2;95;167;167m▒[38;2;96;167;167m◆[38;2;96;167;167m▒[38;2;97;167;166m●[38;2;98;167;166m◆[38;2;100;167;165m◉[38;2;101;166;164m◆[38;2;103;166;163m◆[38;2;104;166;163m◆[38;2;106;166;162m▒[38;2;108;166;161m◉[38;2;109;166;160m▒[38;2;111;166;159m◆[38;2;112;166;158m▒[0m
[38;2;197;100;113m░[38;2;197;100;112m░[38;2;198;100;112m▒[38;2;198;99;111m·[38;2;199;99;111m░[38;2;199;99;110m░[38;2;199;99;110m░[38;2;198;98;110m░[38;2;198;98;109m▒[38;2;197;97;109m·[38;2;196;97;108m░[38;2;196;96;108m▒[38;2;195;96;107m░[38;2;194;95;106m·[38;2;194;95;106m░[38;2;193;95;106m░[38;2;192;95;106m·[38;2;191;96;107m▒[38;2;190;97;108m░[38;2;189;98;109m░[38;2;188;99;111m░[38;2;186;101;113m░[38;2;184;103;115m·[38;2;182;105;118m◦[38;2;180;108;120m░[38;2;178;110;123m▒[38;2;176;113;126m●[38;2;173;115;129m◉[38;2;171;118;132m●[38;2;169;120;135m◆[38;2;166;123;138m◆[38;2;164;125;140m▒[38;2;161;127;143m◉[38;2;159;130;146m▒[38;2;157;132;148m◆[38;2;154;134;151m▒[38;2;152;136;153m◆[38;2;149;137;156m▒[38;2;147;139;158m▒[38;2;145;141;161m●[38;2;142;143;163m▒[38;2;140;144;166m▒[38;2;137;146;168m◆[38;2;135;147;170m◆[38;2;133;148;173m▒[38;2;131;149;175m◆[38;2;129;151;176m▒[38;2;127;152;178m●[38;2;126;153;179m◉[38;2;125;153;180m◉[38;2;124;154;180m◉[38;2;125;155;179m●[38;2;125;155;178m◆[38;2;126;156;176m●[38;2;128;156;174m▒[38;2;129;157;171m▒[38;2;131;157;168m▒[38;2;133;158;164m◆[38;2;135;159;161m▒[38;2;136;160;158m◉[38;2;137;160;155m◉[38;2;137;161;152m▒[38;2;137;162;150m●[38;2;137;163;148m●[38;2;136;164;147m◆[38;2;135;164;146m▒[38;2;133;165;145m▒[38;2;131;166;145m▒[38;2;129;166;146m▒[38;2;127;166;147m◆[38;2;124;167;148m◆[38;2;122;167;149m▒[38;2;119;167;151m▒[38;2;116;167;153m◉[38;2;113;167;154m◉[38;2;111;167;156m▒[38;2;109;167;158m●[38;2;107;167;159m▒[38;2;105;167;160m◉[38;2;104;167;161m▒[38;2;104;167;161m▒[38;2;104;167;162m◉[38;2;104;167;162m●[38;2;105;167;161m▒[38;2;106;167;161m●[38;2;107;167;161m◉[38;2;108;167;160m●[38;2;109;167;159m▒[38;2;110;167;159m◉[38;2;112;166;158m●[38;2;113;166;158m●[38;2;114;166;157m▒[38;2;115;166;156m◆[38;2;116;166;156m◆[38;2;118;166;155m◉[38;2;119;166;155m◆[0m
[38;2;197;101;115m▒[38;2;198;101;114m░[38;2;199;101;113m▒[38;2;200;100;112m░[38;2;200;100;112m░[38;2;201;100;111m◦[38;2;201;100;111m·[38;2;201;100;111m░[38;2;200;100;112m◦[38;2;199;100;113m◦[38;2;197;100;114m·[38;2;196;100;115m◦[38;2;194;100;116m◦[38;2;193;101;116m░[38;2;192;101;117m░[38;2;190;101;118m░[38;2;189;102;119m▒[38;2;188;102;120m▒[38;2;186;103;121m·[38;2;185;104;122m◦[38;2;183;105;123m◦[38;2;182;107;125m◦[38;2;180;109;127m░[38;2;178;111;129m◆[38;2;175;113;132m◆[38;2;173;115;134m◉[38;2;170;117;137m▒[38;2;168;120;140m●[38;2;165;122;143m●[38;2;162;125;145m▒[38;2;159;127;148m●[38;2;156;130;151m●[38;2;153;132;154m●[38;2;150;134;157m▒[38;2;147;136;160m◉[38;2;144;138;163m●[38;2;141;140;166m▒[38;2;138;142;169m◆[38;2;135;144;172m▒[38;2;132;146;175m◆[38;2;128;147;178m▒[38;2;125;149;181m◉[38;2;122;150;184m▒[38;2;120;152;187m▒[38;2;117;153;189m◉[38;2;115;154;192m◆[38;2;113;155;193m●[38;2;111;155;195m▒[38;2;110;156;195m◆[38;2;110;156;195m◆[38;2;110;157;195m▒[38;2;112;157;193m●[38;2;113;157;190m▒[38;2;116;157;187m◆[38;2;118;157;183m▒[38;2;121;158;178m◆[38;2;124;158;174m◆[38;2;127;159;169m●[38;2;129;160;164m▒[38;2;131;160;159m◉[38;2;133;161;155m◆[38;2;134;162;151m◉[38;2;135;164;148m◉[38;2;135;165;145m▒[38;2;135;165;143m▒[38;2;134;166;142m◉[38;2;134;167;141m●[38;2;133;168;140m▒[38;2;131;168;140m▒[38;2;130;168;141m◉[38;2;128;168;142m▒[38;2;126;168;143m▒[38;2;124;168;145m◆[38;2;122;168;146m◆[38;2;119;168;148m▒[38;2;117;168;150m▒[38;2;116;168;152m▒[38;2;114;168;153m●[38;2;113;167;154m◉[38;2;113;167;155m▒[38;2;112;167;156m◆[38;2;113;167;156m▒[38;2;113;167;156m▒[38;2;114;167;156m●[38;2;114;167;156m◉[38;2;115;167;155m▒[38;2;116;167;155m◉[38;2;117;167;154m▒[38;2;118;167;154m◉[38;2;119;167;154m▒[38;2;120;167;153m◉[38;2;121;166;153m▒[38;2;122;166;152m◉[38;2;123;166;152m◆[38;2;124;166;152m▒[38;2;125;166;151m◉[0m
[38;2;197;102;117m◦[38;2;198;102;116m░[38;2;199;101;115m░[38;2;199;101;115m·[38;2;200;101;114m░[38;2;200;101;114m◦[38;2;200;101;114m◦[38;2;200;101;114m░[38;2;199;101;115m░[38;2;198;101;117m░[38;2;197;102;119m◦[38;2;195;102;121m▒[38;2;193;103;123m░[38;2;191;104;125m·[38;2;190;104;127m░[38;2;188;105;129m·[38;2;186;106;131m◉[38;2;185;107;132m●[38;2;183;108;134m◆[38;2;181;109;135m◉[38;2;180;110;137m◆[38;2;178;112;138m▒[38;2;176;114;140m▒[38;2;173;115;142m▒[38;2;171;117;144m◆[38;2;168;119;146m▒[38;2;165;122;148m●[38;2;162;124;151m▒[38;2;159;127;153m●[38;2;156;129;156m▒[38;2;152;132;159m●[38;2;149;134;162m▒[38;2;145;136;165m◉[38;2;141;139;169m◉[38;2;137;141;172m▒[38;2;134;143;176m●[38;2;130;145;179m▒[38;2;126;147;182m◆[38;2;122;149;186m●[38;2;119;151;189m◆[38;2;115;152;192m●[38;2;112;153;195m▒[38;2;109;155;198m▒[38;2;107;156;200m●[38;2;105;156;202m◆[38;2;103;157;204m◉[38;2;102;157;205m▒[38;2;102;158;205m▒[38;2;102;158;204m●[38;2;103;158;203m◉[38;2;105;158;200m◉[38;2;107;158;197m●[38;2;110;158;193m▒[38;2;113;158;189m◉[38;2;117;158;183m●[38;2;120;159;178m▒[38;2;123;159;172m●[38;2;126;160;166m▒[38;2;129;161;161m◆[38;2;131;162;156m●[38;2;133;163;151m●[38;2;134;165;147m◆[38;2;135;166;143m◉[38;2;135;167;140m●[38;2;136;168;137m◉[38;2;136;169;135m▒[38;2;135;170;134m◆[38;2;135;170;133m▒[38;2;134;170;133m▒[38;2;133;170;133m◆[38;2;132;170;135m●[38;2;131;170;136m▒[38;2;129;170;138m▒[38;2;127;169;140m▒[38;2;126;169;142m●[38;2;124;169;144m▒[38;2;123;169;146m▒[38;2;122;168;148m▒[38;2;121;168;149m●[38;2;121;168;150m◉[38;2;121;168;150m▒[38;2;121;168;151m◉[38;2;121;168;151m◆[38;2;122;167;151m◉[38;2;122;167;151m◉[38;2;123;167;151m▒[38;2;124;167;150m◉[38;2;125;167;150m◉[38;2;126;167;150m▒[38;2;126;167;150m◉[38;2;127;167;149m▒[38;2;128;167;149m◆[38;2;128;167;149m▒[38;2;129;166;149m▒[38;2;129;166;149m◆[38;2;130;166;149m▒[0m
[38;2;195;104;122m◆[38;2;196;103;122m●[38;2;196;103;121m●[38;2;196;103;121m◉[38;2;196;103;121m▒[38;2;196;103;122m●[38;2;196;103;123m▒[38;2;195;103;124m◉[38;2;194;104;126m◆[38;2;193;104;128m▒[38;2;192;105;130m◆[38;2;191;106;133m▒[38;2;189;106;136m▒[38;2;188;107;138m●[38;2;186;108;141m◆[38;2;185;109;143m◉[38;2;183;110;145m◆[38;2;182;110;147m▒[38;2;180;111;148m▒[38;2;178;113;149m●[38;2;177;114;151m▒[38;2;175;115;152m▒[38;2;173;117;153m◉[38;2;170;118;154m▒[38;2;168;120;155m◆[38;2;165;122;157m▒[38;2;162;125;158m▒[38;2;159;127;160m◆[38;2;155;129;163m●[38;2;151;132;165m●[38;2;147;135;168m●[38;2;143;137;171m▒[38;2;138;140;174m◆[38;2;134;142;178m●[38;2;130;145;181m◆[38;2;125;147;185m▒[38;2;121;149;189m▒[38;2;117;151;192m◉[38;2;113;153;195m▒[38;2;110;154;198m◆[38;2;107;155;201m●[38;2;104;156;204m▒[38;2;102;157;205m◉[38;2;101;157;207m▒[38;2;100;158;207m◉[38;2;100;158;207m●[38;2;100;158;206m▒[38;2;102;158;205m▒[38;2;103;158;202m◉[38;2;105;158;200m◆[38;2;108;158;196m◉[38;2;111;158;192m▒[38;2;114;158;187m●[38;2;117;158;182m▒[38;2;120;159;176m▒[38;2;123;160;171m▒[38;2;126;160;165m◆[38;2;129;162;160m◆[38;2;131;163;154m▒[38;2;133;164;149m◉[38;2;134;166;144m▒[38;2;135;167;140m▒[38;2;136;168;136m●[38;2;137;170;133m▒[38;2;137;171;130m▒[38;2;137;172;128m◉[38;2;137;172;126m▒[38;2;137;173;126m◉[38;2;137;173;126m◆[38;2;136;173;127m▒[38;2;135;172;128m◉[38;2;135;172;130m◆[38;2;134;171;132m◆[38;2;132;171;134m▒[38;2;131;170;137m▒[38;2;130;170;139m◉[38;2;130;169;141m◆[38;2;129;169;142m●[38;2;128;169;144m◆[38;2;128;168;145m●[38;2;128;168;145m▒[38;2;129;168;146m◉[38;2;129;168;146m◆[38;2;129;168;146m◆[38;2;130;168;147m▒[38;2;131;168;147m▒[38;2;131;167;147m◆[38;2;132;167;147m●[38;2;132;167;146m●[38;2;133;167;146m▒[38;2;133;167;146m▒[38;2;133;167;146m▒[38;2;134;167;146m●[38;2;134;167;146m▒[38;2;134;166;146m▒[38;2;134;166;146m●[0m
[38;2;192;106;130m◉[38;2;192;106;131m▒[38;2;192;106;131m▒[38;2;191;106;133m▒[38;2;191;106;134m◆[38;2;191;106;136m▒[38;2;190;107;137m◉[38;2;189;107;140m◆[38;2;188;107;142m◆[38;2;187;108;145m◉[38;2;186;108;147m▒[38;2;185;109;150m●[38;2;184;109;153m▒[38;2;183;110;155m▒[38;2;182;111;158m◆[38;2;181;111;160m▒[38;2;180;112;161m◉[38;2;179;113;162m▒[38;2;178;113;163m●[38;2;177;114;164m▒[38;2;175;115;164m▒[38;2;174;117;164m●[38;2;172;118;164m▒[38;2;169;120;165m●[38;2;167;122;165m▒[38;2;164;124;166m◆[38;2;161;126;166m▒[38;2;157;128;168m◉[38;2;153;131;169m▒[38;2;149;133;171m◉[38;2;145;136;174m▒[38;2;140;139;176m▒[38;2;135;142;179m◆[38;2;130;144;183m◉[38;2;126;147;186m●[38;2;121;149;190m●[38;2;117;151;193m◉[38;2;113;152;196m◉[38;2;110;154;199m◉[38;2;107;155;201m◉[38;2;105;156;203m◆[38;2;104;157;204m▒[38;2;103;157;204m▒[38;2;103;157;204m▒[38;2;103;157;203m◉[38;2;104;157;202m▒[38;2;106;157;200m▒[38;2;108;157;197m◆[38;2;110;157;194m◆[38;2;112;157;190m◉[38;2;115;158;186m◆[38;2;117;158;182m◆[38;2;120;158;177m◆[38;2;123;159;172m▒[38;2;125;160;167m▒[38;2;127;161;162m◉[38;2;130;162;157m◉[38;2;132;163;152m◆[38;2;133;165;147m▒[38;2;135;166;142m●[38;2;136;168;138m▒[38;2;137;169;134m▒[38;2;137;171;130m▒[38;2;138;172;127m◉[38;2;138;173;124m●[38;2;138;174;122m◆[38;2;138;175;121m▒[38;2;138;175;120m▒[38;2;138;175;120m▒[38;2;138;175;121m▒[38;2;138;174;123m◉[38;2;138;174;125m●[38;2;137;173;127m▒[38;2;137;172;129m●[38;2;136;171;132m▒[38;2;136;171;134m▒[38;2;136;170;136m◉[38;2;136;170;138m●[38;2;136;169;139m◆[38;2;136;169;140m▒[38;2;136;169;141m◆[38;2;136;169;141m◆[38;2;137;169;142m▒[38;2;137;168;142m▒[38;2;137;168;143m◆[38;2;138;168;143m◆[38;2;138;168;143m◆[38;2;138;168;143m▒[38;2;138;168;143m◉[38;2;138;168;143m▒[38;2;139;167;143m▒[38;2;139;167;144m◆[38;2;139;167;144m◆[38;2;139;167;144m◉[38;2;139;167;144m▒[38;2;138;167;144m◉[0m
[38;2;188;108;141m◉[38;2;188;108;143m▒[38;2;187;108;144m▒[38;2;187;109;146m◉[38;2;186;109;149m●[38;2;186;109;151m◆[38;2;185;109;154m▒[38;2;184;110;157m▒[38;2;184;110;159m▒[38;2;183;110;162m▒[38;2;182;111;165m▒[38;2;182;111;168m◉[38;2;181;111;170m◆[38;2;181;112;172m▒[38;2;180;112;174m◆[38;2;180;112;175m▒[38;2;179;113;176m▒[38;2;178;113;177m●[38;2;178;114;177m●[38;2;177;115;176m▒[38;2;175;115;176m▒[38;2;174;117;175m▒[38;2;172;118;174m◆[38;2;170;119;174m◉[38;2;168;121;173m▒[38;2;165;123;173m●[38;2;161;126;172m◉[38;2;158;128;173m▒[38;2;154;131;174m◆[38;2;150;133;175m◉[38;2;145;136;176m▒[38;2;141;139;179m▒[38;2;136;141;181m◉[38;2;131;144;184m▒[38;2;127;146;186m●[38;2;122;148;189m▒[38;2;119;150;192m◆[38;2;115;152;194m◉[38;2;113;153;196m▒[38;2;111;154;198m▒[38;2;109;155;198m◉[38;2;108;155;199m◉[38;2;108;156;198m▒[38;2;109;156;197m●[38;2;110;156;195m●[38;2;111;156;193m▒[38;2;113;156;191m●[38;2;115;157;188m▒[38;2;117;157;184m◆[38;2;119;157;180m◉[38;2;121;158;177m▒[38;2;123;158;173m●[38;2;125;159;168m▒[38;2;127;160;164m▒[38;2;129;161;160m◆[38;2;131;162;155m▒[38;2;133;163;151m●[38;2;134;165;146m▒[38;2;135;166;142m◆[38;2;136;168;137m▒[38;2;137;169;133m▒[38;2;138;171;130m▒[38;2;138;172;126m▒[38;2;139;173;123m◆[38;2;139;175;120m●[38;2;139;176;118m◆[38;2;139;176;117m▒[38;2;139;176;116m◆[38;2;139;176;116m◆[38;2;139;176;117m▒[38;2;139;176;118m▒[38;2;139;175;120m◆[38;2;139;174;123m●[38;2;140;173;125m▒[38;2;140;172;127m▒[38;2;140;172;129m●[38;2;141;171;131m◆[38;2;142;171;133m▒[38;2;143;170;134m▒[38;2;143;170;135m◉[38;2;144;170;136m◉[38;2;145;169;137m◉[38;2;145;169;137m▒[38;2;145;169;138m●[38;2;145;169;138m▒[38;2;145;169;139m●[38;2;145;169;139m▒[38;2;145;168;139m▒[38;2;145;168;140m▒[38;2;145;168;140m◉[38;2;145;168;140m◆[38;2;144;168;141m◆[38;2;144;168;141m▒[38;2;144;167;141m▒[38;2;144;167;141m◉[38;2;143;167;141m◉[0m
[38;2;184;110;152m▒[38;2;184;110;155m●[38;2;184;110;157m▒[38;2;183;111;160m▒[38;2;183;111;163m◆[38;2;182;111;166m◉[38;2;182;111;168m◉[38;2;182;111;171m▒[38;2;181;111;174m◆[38;2;181;112;176m▒[38;2;181;112;179m◉[38;2;180;112;181m◉[38;2;180;112;183m▒[38;2;180;112;185m◉[38;2;180;112;186m◉[38;2;180;112;187m●[38;2;179;112;187m◆[38;2;179;113;187m◉[38;2;178;113;187m▒[38;2;177;114;186m◉[38;2;176;115;185m▒[38;2;175;116;184m●[38;2;174;117;182m●[38;2;172;118;181m▒[38;2;169;120;179m▒[38;2;167;122;178m◉[38;2;164;124;177m▒[38;2;160;126;176m▒[38;2;157;129;176m●[38;2;153;132;177m●[38;2;149;134;177m▒[38;2;144;137;179m▒[38;2;140;140;180m▒[38;2;135;142;182m◆[38;2;131;144;184m▒[38;2;127;147;186m●[38;2;124;148;188m●[38;2;121;150;189m●[38;2;119;151;191m◉[38;2;117;152;191m◉[38;2;116;153;192m▒[38;2;115;154;191m▒[38;2;115;154;191m▒[38;2;116;155;189m▒[38;2;117;155;187m●[38;2;118;155;185m◆[38;2;120;156;182m▒[38;2;121;156;179m▒[38;2;123;157;176m◆[38;2;124;157;173m▒[38;2;126;158;169m◆[38;2;128;159;166m●[38;2;129;159;162m▒[38;2;131;160;158m●[38;2;132;161;154m▒[38;2;133;163;150m◉[38;2;135;164;146m▒[38;2;136;165;143m◉[38;2;137;167;139m▒[38;2;137;168;135m●[38;2;138;170;131m◉[38;2;138;171;128m▒[38;2;139;172;125m▒[38;2;139;174;122m●[38;2;139;175;119m◉[38;2;139;176;117m▒[38;2;139;177;116m◉[38;2;140;177;115m●[38;2;140;177;115m◉[38;2;140;177;115m●[38;2;140;177;116m▒[38;2;140;176;118m●[38;2;141;175;119m◉[38;2;142;174;122m▒[38;2;143;173;124m▒[38;2;144;173;126m◉[38;2;146;172;127m◆[38;2;147;172;129m●[38;2;149;171;130m◆[38;2;151;171;131m●[38;2;152;171;131m▒[38;2;154;170;132m◆[38;2;154;170;132m▒[38;2;155;170;133m◆[38;2;155;170;133m▒[38;2;155;170;134m◉[38;2;155;170;134m◉[38;2;154;169;135m▒[38;2;153;169;136m▒[38;2;153;169;136m●[38;2;152;169;137m◆[38;2;151;168;137m◉[38;2;151;168;137m●[38;2;150;168;138m▒[38;2;150;168;138m●[38;2;149;168;139m◉[0m
[38;2;182;112;163m◆[38;2;182;112;165m▒[38;2;182;112;168m▒[38;2;181;112;171m●[38;2;181;112;174m◉[38;2;181;112;176m●[38;2;181;112;179m◉[38;2;180;112;181m●[38;2;180;112;184m▒[38;2;180;112;186m◆[38;2;180;112;188m●[38;2;180;112;190m◉[38;2;180;112;191m▒[38;2;180;112;192m▒[38;2;180;112;193m▒[38;2;180;112;194m▒[38;2;180;112;194m▒[38;2;180;112;194m▒[38;2;179;112;193m▒[38;2;179;113;192m▒[38;2;178;113;191m●[38;2;177;114;190m▒[38;2;176;115;188m●[38;2;174;117;186m▒[38;2;172;118;184m●[38;2;170;120;183m▒[38;2;167;122;181m▒[38;2;164;124;180m▒[38;2;161;126;179m●[38;2;158;129;178m◉[38;2;154;131;178m▒[38;2;150;134;178m▒[38;2;146;136;179m◆[38;2;142;139;179m◉[38;2;138;141;180m▒[38;2;135;143;182m▒[38;2;132;145;183m▒[38;2;129;147;184m▒[38;2;126;149;184m▒[38;2;125;150;185m●[38;2;123;151;185m●[38;2;123;152;185m▒[38;2;122;153;184m◆[38;2;123;153;182m▒[38;2;123;154;181m●[38;2;124;154;178m◆[38;2;125;155;176m●[38;2;126;155;173m▒[38;2;127;156;170m▒[38;2;129;157;167m●[38;2;130;158;164m▒[38;2;131;158;161m◆[38;2;132;159;158m▒[38;2;133;160;154m▒[38;2;134;161;151m●[38;2;135;163;148m●[38;2;136;164;144m●[38;2;137;165;141m▒[38;2;138;166;138m▒[38;2;138;168;135m◉[38;2;139;169;131m◆[38;2;139;170;128m◆[38;2;139;172;126m●[38;2;140;173;123m▒[38;2;140;174;121m▒[38;2;140;175;119m◉[38;2;140;176;117m●[38;2;140;176;116m◆[38;2;140;177;115m◆[38;2;140;177;115m▒[38;2;140;177;116m●[38;2;141;176;117m◆[38;2;142;176;118m●[38;2;143;175;120m▒[38;2;144;174;121m▒[38;2;146;173;123m●[38;2;149;173;124m●[38;2;152;172;125m▒[38;2;155;172;126m▒[38;2;158;172;127m◉[38;2;161;172;127m●[38;2;164;172;127m●[38;2;165;171;127m●[38;2;167;171;128m●[38;2;167;171;128m▒[38;2;167;171;129m▒[38;2;166;171;129m▒[38;2;165;171;130m▒[38;2;164;170;131m▒[38;2;163;170;131m▒[38;2;161;170;132m▒[38;2;160;169;133m◆[38;2;159;169;133m◉[38;2;158;169;134m◆[38;2;157;169;135m◆[38;2;156;168;135m◉[0m
[38;2;181;112;170m▒[38;2;181;112;173m◉[38;2;180;112;176m◉[38;2;180;112;178m▒[38;2;180;112;181m▒[38;2;180;112;183m▒[38;2;180;112;185m◆[38;2;180;112;187m▒[38;2;180;112;189m◆[38;2;180;112;191m◉[38;2;180;112;193m▒[38;2;180;111;194m▒[38;2;180;111;195m▒[38;2;180;111;196m●[38;2;180;111;197m●[38;2;180;111;197m▒[38;2;180;111;197m▒[38;2;180;111;197m▒[38;2;180;112;197m▒[38;2;180;112;196m▒[38;2;179;112;195m◉[38;2;178;113;194m◆[38;2;177;114;192m●[38;2;176;115;191m◉[38;2;175;116;189m▒[38;2;173;117;187m◉[38;2;171;119;185m◆[38;2;169;121;183m◉[38;2;166;123;182m◉[38;2;163;125;180m▒[38;2;160;128;179m◆[38;2;157;130;178m◉[38;2;153;132;178m◆[38;2;150;135;178m▒[38;2;146;137;178m◉[38;2;143;139;178m◉[38;2;140;141;179m▒[38;2;137;143;179m◆[38;2;135;145;179m●[38;2;133;147;179m▒[38;2;131;148;179m◉[38;2;130;149;179m◆[38;2;130;150;178m▒[38;2;129;151;177m◆[38;2;129;152;175m●[38;2;130;153;173m▒[38;2;130;153;171m●[38;2;131;154;169m▒[38;2;131;155;167m▒[38;2;132;156;164m▒[38;2;133;157;161m●[38;2;134;158;158m▒[38;2;135;159;155m◉[38;2;136;160;153m◆[38;2;136;161;150m◆[38;2;137;162;147m●[38;2;138;163;144m◉[38;2;138;164;141m●[38;2;139;165;138m▒[38;2;139;167;136m◆[38;2;140;168;133m◉[38;2;140;169;130m◉[38;2;140;170;128m●[38;2;140;171;126m▒[38;2;140;172;124m▒[38;2;140;173;122m▒[38;2;141;174;120m▒[38;2;141;175;119m▒[38;2;141;175;118m●[38;2;141;175;118m◉[38;2;141;175;118m▒[38;2;142;175;118m●[38;2;143;175;119m▒[38;2;144;175;120m◉[38;2;146;174;121m▒[38;2;148;174;122m▒[38;2;152;173;123m●[38;2;155;173;123m●[38;2;160;173;124m◉[38;2;165;172;124m◆[38;2;170;173;123m▒[38;2;174;173;123m▒[38;2;177;173;123m▒[38;2;180;173;122m▒[38;2;181;173;122m▒[38;2;181;173;123m▒[38;2;180;172;123m▒[38;2;179;172;124m▒[38;2;177;172;125m●[38;2;175;171;126m◆[38;2;173;171;127m●[38;2;171;171;128m▒[38;2;169;170;129m▒[38;2;167;170;130m◆[38;2;165;170;131m◆[38;2;164;169;132m▒[0m
[38;2;180;113;174m◆[38;2;180;113;177m●[38;2;180;113;179m◉[38;2;180;113;182m●[38;2;180;112;184m▒[38;2;180;112;186m▒[38;2;180;112;188m◉[38;2;180;112;190m▒[38;2;180;112;192m◆[38;2;180;112;193m◉[38;2;180;112;194m◉[38;2;180;111;195m◉[38;2;180;111;196m●[38;2;180;111;197m▒[38;2;181;111;198m●[38;2;181;111;198m◉[38;2;181;111;198m▒[38;2;180;111;198m▒[38;2;180;111;198m●[38;2;180;111;198m●[38;2;180;112;197m▒[38;2;179;112;196m▒[38;2;179;113;195m◆[38;2;178;113;194m◆[38;2;177;114;192m●[38;2;176;115;191m●[38;2;174;117;189m◉[38;2;173;118;187m◆[38;2;171;120;185m◉[38;2;168;121;184m●[38;2;166;123;182m●[38;2;163;125;180m●[38;2;161;128;179m▒[38;2;158;130;178m◆[38;2;155;132;177m◉[38;2;152;134;177m◉[38;2;149;137;176m◉[38;2;146;139;176m▒[38;2;144;141;176m◆[38;2;141;142;175m●[38;2;140;144;175m▒[38;2;138;146;174m●[38;2;137;147;173m▒[38;2;136;148;172m▒[38;2;135;149;171m▒[38;2;135;150;170m▒[38;2;135;151;168m◆[38;2;135;152;166m◆[38;2;136;153;164m▒[38;2;136;154;161m▒[38;2;136;155;159m●[38;2;137;156;157m▒[38;2;137;157;154m◆[38;2;138;158;152m●[38;2;138;160;149m▒[38;2;139;161;147m●[38;2;139;162;144m▒[38;2;140;163;142m●[38;2;140;164;140m●[38;2;140;165;137m●[38;2;141;166;135m◉[38;2;141;167;133m◉[38;2;141;168;131m◉[38;2;141;169;129m◆[38;2;142;170;128m◉[38;2;142;171;126m●[38;2;142;171;125m▒[38;2;142;172;123m◉[38;2;142;173;122m▒[38;2;143;173;122m●[38;2;143;173;121m▒[38;2;144;173;121m▒[38;2;145;173;121m▒[38;2;146;173;121m●[38;2;148;173;122m◆[38;2;151;173;122m▒[38;2;154;173;123m●[38;2;158;173;123m◆[38;2;163;173;123m▒[38;2;169;173;122m▒[38;2;176;173;121m▒[38;2;182;173;120m◉[38;2;187;174;119m◉[38;2;191;174;118m▒[38;2;194;174;118m◆[38;2;194;174;118m▒[38;2;194;174;118m▒[38;2;192;174;119m▒[38;2;189;173;120m▒[38;2;186;173;121m◆[38;2;183;172;123m◆[38;2;180;172;124m◉[38;2;178;171;125m◆[38;2;175;171;126m▒[38;2;173;170;127m◆[38;2;171;170;128m◉[0m
[38;2;179;113;176m▒[38;2;179;113;178m▒[38;2;179;113;180m▒[38;2;179;113;183m▒[38;2;179;113;185m◆[38;2;180;113;186m●[38;2;180;112;188m◉[38;2;180;112;190m●[38;2;180;112;191m▒[38;2;180;112;192m▒[38;2;180;112;194m●[38;2;180;112;195m◉[38;2;180;112;195m●[38;2;180;112;196m◆[38;2;180;111;197m◉[38;2;180;111;197m▒[38;2;180;111;197m●[38;2;180;111;198m◆[38;2;180;111;198m▒[38;2;180;111;198m◆[38;2;180;112;197m◉[38;2;180;112;197m●[38;2;179;112;196m▒[38;2;179;113;196m▒[38;2;178;113;195m▒[38;2;178;114;194m▒[38;2;177;115;192m▒[38;2;176;116;191m▒[38;2;174;117;189m▒[38;2;173;118;187m▒[38;2;171;120;185m▒[38;2;169;121;184m▒[38;2;167;123;182m●[38;2;164;125;180m▒[38;2;162;127;179m▒[38;2;159;129;178m●[38;2;157;132;176m▒[38;2;154;134;175m◆[38;2;152;136;174m◉[38;2;150;138;173m◆[38;2;148;140;173m▒[38;2;146;141;172m●[38;2;144;143;171m◆[38;2;143;145;170m●[38;2;142;146;168m◆[38;2;141;147;167m▒[38;2;141;149;165m▒[38;2;140;150;164m▒[38;2;140;151;162m●[38;2;140;152;160m●[38;2;140;153;158m▒[38;2;140;155;156m◆[38;2;140;156;153m▒[38;2;141;157;151m●[38;2;141;158;149m▒[38;2;141;159;147m◉[38;2;141;160;145m▒[38;2;142;161;143m●[38;2;142;162;141m▒[38;2;142;163;139m◉[38;2;142;164;137m◆[38;2;142;165;136m●[38;2;143;166;134m◆[38;2;143;167;132m◆[38;2;143;167;131m▒[38;2;143;168;130m▒[38;2;144;169;129m▒[38;2;144;169;127m▒[38;2;144;170;127m▒[38;2;145;170;126m▒[38;2;145;171;125m◆[38;2;146;171;125m▒[38;2;147;171;124m◆[38;2;149;171;124m◆[38;2;151;171;124m▒[38;2;153;171;124m▒[38;2;156;172;124m▒[38;2;160;172;124m▒[38;2;165;172;123m▒[38;2;171;172;122m●[38;2;177;173;121m▒[38;2;183;173;120m◉[38;2;189;174;119m◉[38;2;194;174;117m◉[38;2;198;175;117m◉[38;2;200;175;116m◉[38;2;200;175;116m◉[38;2;198;174;117m●[38;2;196;174;118m◉[38;2;193;174;119m◉[38;2;190;173;120m●[38;2;186;172;122m◉[38;2;183;172;123m▒[38;2;180;171;124m●[38;2;178;171;125m●[38;2;175;170;126m▒[0m
[38;2;179;114;175m◆[38;2;179;114;177m◉[38;2;179;114;179m●[38;2;179;114;181m●[38;2;179;113;183m●[38;2;179;113;185m◉[38;2;179;113;186m●[38;2;179;113;188m◉[38;2;179;113;189m●[38;2;179;113;190m▒[38;2;179;113;191m▒[38;2;179;112;192m◆[38;2;180;112;193m◆[38;2;180;112;193m●[38;2;180;112;194m▒[38;2;180;112;195m◉[38;2;180;112;195m▒[38;2;180;112;195m◉[38;2;180;112;196m▒[38;2;180;112;196m▒[38;2;179;112;196m◆[38;2;179;112;196m▒[38;2;179;112;195m●[38;2;179;113;195m▒[38;2;179;113;195m●[38;2;178;113;194m◉[38;2;178;114;193m▒[38;2;177;115;192m◉[38;2;176;115;191m●[38;2;175;116;189m◆[38;2;174;117;188m▒[38;2;172;119;186m▒[38;2;171;120;185m▒[38;2;169;122;183m▒[38;2;167;123;181m▒[38;2;165;125;179m●[38;2;163;127;178m◉[38;2;161;129;176m◉[38;2;159;131;175m▒[38;2;156;133;173m▒[38;2;154;135;172m◆[38;2;152;137;171m▒[38;2;151;139;169m▒[38;2;149;141;168m▒[38;2;148;143;167m▒[38;2;147;144;165m▒[38;2;146;146;164m▒[38;2;145;147;162m●[38;2;144;149;160m▒[38;2;144;150;159m◉[38;2;144;151;157m◉[38;2;144;153;155m▒[38;2;143;154;153m▒[38;2;143;155;151m▒[38;2;143;156;149m▒[38;2;144;157;147m▒[38;2;144;158;145m◆[38;2;144;159;144m▒[38;2;144;160;142m◆[38;2;144;161;140m◉[38;2;144;162;139m▒[38;2;144;163;138m▒[38;2;144;164;136m●[38;2;145;164;135m◆[38;2;145;165;134m◉[38;2;145;166;133m◉[38;2;146;166;132m▒[38;2;146;167;131m▒[38;2;147;167;130m◆[38;2;147;168;129m●[38;2;148;168;129m◆[38;2;149;169;128m●[38;2;150;169;128m◉[38;2;151;169;127m●[38;2;153;169;127m◆[38;2;155;170;126m●[38;2;158;170;126m●[38;2;161;170;125m◆[38;2;165;171;125m◆[38;2;169;171;124m●[38;2;174;172;123m▒[38;2;179;172;122m◉[38;2;184;173;120m●[38;2;189;173;119m●[38;2;192;174;118m▒[38;2;194;174;118m◉[38;2;195;174;118m▒[38;2;195;174;118m▒[38;2;194;174;119m▒[38;2;191;173;119m◆[38;2;189;173;120m◆[38;2;186;172;122m◉[38;2;184;172;123m●[38;2;181;171;124m●[38;2;178;171;125m▒[38;2;176;170;126m▒[0m
[38;2;178;115;173m◆[38;2;178;115;174m▒[38;2;178;115;176m●[38;2;178;114;178m◆[38;2;178;114;180m▒[38;2;178;114;181m◆[38;2;178;114;183m▒[38;2;178;114;184m●[38;2;178;114;185m▒[38;2;179;114;186m◉[38;2;179;114;187m●[38;2;179;113;188m▒[38;2;179;113;189m▒[38;2;179;113;190m●[38;2;179;113;190m▒[38;2;179;113;191m▒[38;2;179;113;191m◉[38;2;179;113;191m◉[38;2;179;113;192m●[38;2;179;113;192m◉[38;2;178;113;192m◆[38;2;178;113;192m◆[38;2;178;114;192m◆[38;2;178;114;192m▒[38;2;178;114;192m◆[38;2;178;114;191m◉[38;2;177;115;191m●[38;2;177;115;190m●[38;2;176;116;190m◉[38;2;175;116;189m●[38;2;175;117;188m●[38;2;174;118;186m◉[38;2;173;119;185m▒[38;2;171;120;184m◆[38;2;170;122;182m▒[38;2;168;123;180m▒[38;2;167;125;179m◆[38;2;165;127;177m●[38;2;163;128;175m◆[38;2;161;130;174m▒[38;2;159;132;172m▒[38;2;157;134;170m◆[38;2;156;136;169m●[38;2;154;138;167m◆[38;2;153;140;166m▒[38;2;151;142;164m▒[38;2;150;143;163m▒[38;2;149;145;161m●[38;2;148;146;159m▒[38;2;148;148;158m◉[38;2;147;149;156m◆[38;2;147;151;154m▒[38;2;146;152;152m◆[38;2;146;153;151m●[38;2;146;154;149m◆[38;2;146;156;147m▒[38;2;146;157;146m▒[38;2;146;158;144m●[38;2;146;159;143m▒[38;2;146;159;141m◆[38;2;146;160;140m◆[38;2;146;161;139m●[38;2;146;162;138m▒[38;2;147;162;137m▒[38;2;147;163;136m◉[38;2;147;164;135m◆[38;2;148;164;134m▒[38;2;148;165;133m●[38;2;149;165;133m●[38;2;149;166;132m◆[38;2;150;166;131m▒[38;2;151;167;131m▒[38;2;152;167;130m●[38;2;154;167;130m●[38;2;155;168;129m◆[38;2;157;168;128m◆[38;2;159;168;128m◉[38;2;162;169;127m▒[38;2;164;169;127m◉[38;2;168;170;126m◉[38;2;171;170;125m◆[38;2;174;171;124m◉[38;2;178;171;123m▒[38;2;181;171;122m◉[38;2;183;172;122m▒[38;2;185;172;121m●[38;2;186;172;121m▒[38;2;187;172;121m◆[38;2;186;172;121m▒[38;2;185;172;122m◆[38;2;184;171;123m●[38;2;182;171;123m▒[38;2;180;171;124m●[38;2;178;170;125m▒[38;2;176;170;126m▒[38;2;174;169;127m●[0m