# session: 003
# title: The Seam Strike
# cols: 88
# rows: 26
# fontsize: 13
# date: 2026-02-20
# script: experiments/memetic_territories.py --initial-walkers 36 --seed 7 --events --seam-strike

[38;2;136;175;108m█[38;2;134;172;106m▓[38;2;148;191;118m▒[38;2;126;162;100m▒[38;2;136;175;109m▒[38;2;123;158;98m▓[38;2;136;174;108m▓[38;2;120;154;96m▓[38;2;119;153;95m█[38;2;142;182;113m▒[38;2;149;191;118m▒[38;2;137;176;109m▓[38;2;121;156;96m▓[38;2;127;163;101m▒[38;2;147;188;117m▒[38;2;131;168;104m█[38;2;132;169;105m▓[38;2;141;181;112m▓[38;2;151;194;120m▓[38;2;129;166;103m▓[38;2;125;161;100m█[38;2;120;154;96m▒[38;2;145;186;115m▒[38;2;64;90;58m░[38;2;132;170;105m▒[38;2;40;58;36m·[38;2;139;178;110m▓[38;2;138;177;109m█[38;2;45;50;58m [38;2;45;50;58m [38;2;45;50;58m [38;2;133;64;69m·[38;2;45;50;58m [38;2;45;50;58m [38;2;45;50;58m [38;2;45;50;58m [38;2;45;50;58m [38;2;45;50;58m [38;2;45;50;58m [38;2;45;50;58m [38;2;113;54;59m·[38;2;45;50;58m [38;2;151;72;78m·[38;2;100;48;52m·[38;2;45;50;58m [38;2;45;50;58m [38;2;45;50;58m [38;2;45;50;58m [38;2;134;64;70m▪[38;2;188;91;98m·[38;2;45;50;58m [38;2;70;128;181m▒[38;2;45;50;58m [38;2;45;50;58m [38;2;45;50;58m [38;2;89;160;219m█[38;2;45;50;58m [38;2;88;159;217m█[38;2;93;167;229m▓[38;2;92;167;228m▓[38;2;44;88;127m░[38;2;44;88;127m░[38;2;92;167;228m▓[38;2;70;128;181m▒[38;2;92;166;227m▓[38;2;92;167;228m▓[38;2;70;128;181m▒[38;2;93;168;229m▓[38;2;83;149;204m▓[38;2;86;156;213m█[38;2;89;160;219m█[38;2;84;152;207m▒[38;2;75;136;186m▒[38;2;96;174;238m▓[38;2;85;154;210m█[38;2;94;170;233m▓[38;2;96;173;237m▓[38;2;76;138;188m▓[38;2;94;171;233m▓[38;2;91;165;225m▓[38;2;80;145;198m▓[38;2;84;152;208m▓[38;2;81;146;199m▒[38;2;76;138;189m▓[38;2;87;157;214m▓[38;2;92;166;228m▓[38;2;75;136;186m▒[38;2;81;146;200m█[0m
[38;2;135;174;108m▓[38;2;144;185;115m▓[38;2;144;185;115m▓[38;2;120;155;96m▓[38;2;121;155;96m▒[38;2;129;165;102m█[38;2;131;168;104m█[38;2;124;160;99m█[38;2;122;157;97m▓[38;2;131;168;104m▓[38;2;119;153;95m▒[38;2;144;185;115m▒[38;2;120;153;95m▒[38;2;139;179;111m█[38;2;141;181;112m▒[38;2;125;161;100m█[38;2;120;155;96m▒[38;2;122;157;97m▓[38;2;131;168;104m█[38;2;141;181;112m▒[38;2;143;183;113m▓[38;2;107;138;87m▒[38;2;107;138;87m▒[38;2;126;162;100m▒[38;2;121;156;96m▓[38;2;107;138;87m▒[38;2;145;187;116m█[38;2;40;58;36m·[38;2;45;50;58m [38;2;45;50;58m [38;2;45;50;58m [38;2;45;50;58m [38;2;45;50;58m [38;2;45;50;58m [38;2;45;50;58m [38;2;130;62;68m·[38;2;45;50;58m [38;2;182;87;95m×[38;2;174;84;91m▪[38;2;97;46;50m×[38;2;123;59;64m×[38;2;45;50;58m [38;2;45;50;58m [38;2;116;55;60m·[38;2;186;89;97m·[38;2;187;90;97m×[38;2;45;50;58m [38;2;45;50;58m [38;2;160;77;83m·[38;2;45;50;58m [38;2;45;50;58m [38;2;45;50;58m [38;2;180;86;94m·[38;2;45;50;58m [38;2;79;144;196m█[38;2;45;50;58m [38;2;45;50;58m [38;2;45;50;58m [38;2;44;88;127m░[38;2;28;55;80m·[38;2;92;167;228m▓[38;2;82;148;203m▓[38;2;44;88;127m░[38;2;94;171;233m▓[38;2;44;88;127m░[38;2;44;88;127m░[38;2;80;145;198m▓[38;2;92;166;227m▓[38;2;70;128;181m▒[38;2;80;145;199m▓[38;2;78;141;193m▓[38;2;81;146;199m▓[38;2;84;152;208m▓[38;2;81;146;200m█[38;2;85;153;210m█[38;2;82;149;204m▒[38;2;77;139;190m▒[38;2;87;157;215m▓[38;2;77;139;190m▒[38;2;94;170;233m█[38;2;95;172;235m█[38;2;83;150;205m▒[38;2;90;162;221m█[38;2;95;172;236m█[38;2;87;157;214m▓[38;2;86;156;213m▓[38;2;90;162;222m▓[38;2;91;164;224m▓[0m
[38;2;148;190;118m▒[38;2;149;192;119m▓[38;2;140;179;111m▒[38;2;140;179;111m▒[38;2;144;185;115m▓[38;2;124;159;99m▒[38;2;127;163;101m▒[38;2;123;157;98m▒[38;2;126;162;100m█[38;2;150;192;119m▒[38;2;144;185;114m█[38;2;151;194;120m▓[38;2;121;156;97m▓[38;2;148;191;118m▓[38;2;124;160;99m▒[38;2;131;168;104m▓[38;2;123;158;98m▒[38;2;136;175;108m▓[38;2;125;160;99m█[38;2;128;164;102m▒[38;2;107;138;87m▒[38;2;107;138;87m▒[38;2;137;175;109m█[38;2;151;194;120m█[38;2;40;58;36m·[38;2;107;138;87m▒[38;2;124;160;99m▓[38;2;143;184;114m▓[38;2;45;50;58m [38;2;45;50;58m [38;2;45;50;58m [38;2;45;50;58m [38;2;45;50;58m [38;2;181;87;94m·[38;2;45;50;58m [38;2;185;89;96m▪[38;2;45;50;58m [38;2;143;69;75m×[38;2;143;69;74m▪[38;2;45;50;58m [38;2;45;50;58m [38;2;107;51;55m▪[38;2;45;50;58m [38;2;45;50;58m [38;2;162;78;84m·[38;2;158;76;82m×[38;2;181;87;95m×[38;2;45;50;58m [38;2;45;50;58m [38;2;45;50;58m [38;2;117;56;61m×[38;2;45;50;58m [38;2;45;50;58m [38;2;92;44;48m·[38;2;90;163;222m▒[38;2;45;50;58m [38;2;45;50;58m [38;2;45;50;58m [38;2;75;136;186m▓[38;2;93;169;231m▓[38;2;88;159;217m▓[38;2;88;159;218m▒[38;2;76;137;187m▒[38;2;90;163;223m▓[38;2;76;137;187m▓[38;2;79;143;196m█[38;2;83;149;204m▓[38;2;92;167;228m█[38;2;92;166;227m▒[38;2;96;173;236m▒[38;2;81;146;200m█[38;2;83;149;204m▓[38;2;84;153;209m▓[38;2;75;136;186m▓[38;2;76;137;187m▓[38;2;79;143;196m█[38;2;96;173;237m▒[38;2;85;154;211m█[38;2;70;128;181m▒[38;2;82;148;202m▒[38;2;81;147;201m▒[38;2;83;151;206m█[38;2;92;166;227m▒[38;2;91;164;225m▒[38;2;87;157;215m▓[38;2;84;152;208m▓[38;2;90;163;223m█[38;2;79;143;195m▒[0m
[38;2;119;153;95m▓[38;2;119;153;94m▒[38;2;141;181;112m▓[38;2;138;177;110m▓[38;2;147;189;117m▒[38;2;147;189;117m█[38;2;107;138;87m▒[38;2;125;160;99m▓[38;2;128;165;102m▒[38;2;140;179;111m▓[38;2;151;194;120m▓[38;2;118;152;94m▓[38;2;125;161;99m▒[38;2;148;191;118m█[38;2;136;175;108m▓[38;2;139;178;110m▓[38;2;122;156;97m▓[38;2;121;156;97m█[38;2;134;172;106m▓[38;2;141;181;112m▓[38;2;144;184;114m█[38;2;140;180;111m▓[38;2;150;192;119m▒[38;2;107;138;87m▒[38;2;136;175;108m▒[38;2;140;179;111m█[38;2;134;172;107m▓[38;2;40;58;36m·[38;2;45;50;58m [38;2;45;50;58m [38;2;45;50;58m [38;2;93;45;48m·[38;2;45;50;58m [38;2;45;50;58m [38;2;45;50;58m [38;2;45;50;58m [38;2;107;51;55m×[38;2;45;50;58m [38;2;174;84;91m×[38;2;45;50;58m [38;2;45;50;58m [38;2;45;50;58m [38;2;45;50;58m [38;2;178;86;93m×[38;2;45;50;58m [38;2;45;50;58m [38;2;45;50;58m [38;2;45;50;58m [38;2;45;50;58m [38;2;45;50;58m [38;2;45;50;58m [38;2;103;49;54m×[38;2;45;50;58m [38;2;101;48;52m×[38;2;45;50;58m [38;2;45;50;58m [38;2;84;152;208m▓[38;2;45;50;58m [38;2;83;150;206m█[38;2;95;172;235m▒[38;2;70;128;181m▒[38;2;70;128;181m▒[38;2;44;88;127m░[38;2;92;167;228m▓[38;2;70;128;181m▒[38;2;70;128;181m▒[38;2;44;88;127m░[38;2;83;150;205m█[38;2;70;128;181m▒[38;2;79;143;196m▓[38;2;94;171;233m▓[38;2;92;167;229m▒[38;2;80;146;199m▒[38;2;81;146;200m▓[38;2;76;137;188m▓[38;2;70;128;181m▒[38;2;80;146;199m▓[38;2;93;168;230m▒[38;2;93;168;230m▓[38;2;79;142;195m▓[38;2;76;138;189m▒[38;2;89;162;221m▒[38;2;89;160;219m█[38;2;90;162;222m▓[38;2;83;150;204m▒[38;2;81;146;199m█[38;2;70;128;181m▒[38;2;82;148;202m▓[0m
[38;2;147;188;117m▒[38;2;139;178;110m▓[38;2;138;177;110m▓[38;2;127;164;101m█[38;2;140;180;112m█[38;2;134;172;107m▒[38;2;149;191;118m▓[38;2;150;192;119m▒[38;2;127;163;101m▓[38;2;129;165;102m▒[38;2;119;153;95m▒[38;2;151;194;120m▓[38;2;150;193;119m▓[38;2;122;157;97m▓[38;2;145;187;116m▓[38;2;151;193;120m▓[38;2;151;194;120m▒[38;2;136;175;108m▓[38;2;134;172;107m▓[38;2;148;190;118m▓[38;2;134;172;106m▒[38;2;123;158;98m▓[38;2;139;178;111m█[38;2;146;187;116m▓[38;2;150;193;119m▓[38;2;122;156;97m▒[38;2;119;153;95m▓[38;2;123;158;98m▓[38;2;45;50;58m [38;2;45;50;58m [38;2;45;50;58m [38;2;45;50;58m [38;2;190;91;99m▪[38;2;45;50;58m [38;2;45;50;58m [38;2;45;50;58m [38;2;45;50;58m [38;2;45;50;58m [38;2;45;50;58m [38;2;158;76;82m×[38;2;45;50;58m [38;2;45;50;58m [38;2;124;59;64m·[38;2;45;50;58m [38;2;123;59;64m·[38;2;103;49;54m·[38;2;45;50;58m [38;2;45;50;58m [38;2;45;50;58m [38;2;45;50;58m [38;2;45;50;58m [38;2;187;90;98m·[38;2;45;50;58m [38;2;86;41;45m×[38;2;45;50;58m [38;2;45;50;58m [38;2;88;158;216m█[38;2;45;50;58m [38;2;83;150;206m█[38;2;44;88;127m░[38;2;44;88;127m░[38;2;70;128;181m▒[38;2;79;143;196m▓[38;2;89;161;220m█[38;2;78;141;193m█[38;2;44;88;127m░[38;2;85;153;209m▓[38;2;84;152;208m█[38;2;93;169;231m▒[38;2;77;139;190m▓[38;2;86;155;212m▓[38;2;94;169;232m█[38;2;83;150;205m█[38;2;83;150;206m▓[38;2;78;142;194m▓[38;2;77;138;189m▓[38;2;77;139;190m█[38;2;79;144;196m▓[38;2;95;171;234m▒[38;2;93;168;229m▓[38;2;90;162;222m▓[38;2;95;172;235m▓[38;2;94;170;233m█[38;2;78;141;192m▓[38;2;77;139;190m▓[38;2;83;151;206m▒[38;2;79;143;196m█[38;2;80;144;197m▒[0m
[38;2;150;192;119m█[38;2;121;156;96m▓[38;2;147;189;117m█[38;2;118;152;94m▒[38;2;139;179;111m▓[38;2;129;166;103m▒[38;2;126;161;100m█[38;2;131;168;104m▓[38;2;135;174;108m▓[38;2;121;155;96m▓[38;2;146;187;116m▒[38;2;151;194;120m▓[38;2;128;164;102m▓[38;2;130;167;104m█[38;2;147;188;117m▓[38;2;142;183;113m█[38;2;135;173;107m▓[38;2;122;156;97m▒[38;2;149;191;118m▒[38;2;129;165;102m▓[38;2;126;162;100m▓[38;2;130;167;104m▓[38;2;126;162;101m█[38;2;150;193;120m▓[38;2;128;165;102m▓[38;2;107;138;87m▒[38;2;141;182;113m▓[38;2;40;58;36m·[38;2;45;50;58m [38;2;45;50;58m [38;2;45;50;58m [38;2;45;50;58m [38;2;45;50;58m [38;2;45;50;58m [38;2;45;50;58m [38;2;45;50;58m [38;2;45;50;58m [38;2;173;83;90m·[38;2;45;50;58m [38;2;45;50;58m [38;2;151;73;79m·[38;2;188;90;98m·[38;2;126;61;66m·[38;2;108;52;56m·[38;2;45;50;58m [38;2;45;50;58m [38;2;85;41;44m·[38;2;85;41;44m·[38;2;45;50;58m [38;2;89;160;219m▓[38;2;45;50;58m [38;2;45;50;58m [38;2;45;50;58m [38;2;45;50;58m [38;2;45;50;58m [38;2;45;50;58m [38;2;45;50;58m [38;2;45;50;58m [38;2;79;143;196m▒[38;2;79;142;194m▒[38;2;79;144;196m▒[38;2;91;164;224m▒[38;2;89;162;221m▓[38;2;95;172;234m█[38;2;81;147;200m█[38;2;80;144;197m▓[38;2;84;153;209m█[38;2;90;162;222m█[38;2;86;156;213m▓[38;2;80;146;199m█[38;2;91;164;224m▓[38;2;90;163;223m▓[38;2;85;154;210m▓[38;2;91;165;226m▓[38;2;86;155;212m▓[38;2;94;170;232m▒[38;2;90;162;222m▒[38;2;70;128;181m▒[38;2;81;147;201m█[38;2;83;151;206m▓[38;2;84;153;209m▓[38;2;91;165;226m▓[38;2;91;164;224m█[38;2;89;160;219m█[38;2;79;142;194m▓[38;2;91;164;225m▓[38;2;82;149;204m▓[38;2;77;139;190m▓[0m
[38;2;123;158;98m▓[38;2;139;179;111m▒[38;2;137;175;109m▒[38;2;142;182;113m▓[38;2;141;181;112m▒[38;2;119;153;95m█[38;2;130;167;104m▓[38;2;131;168;104m▒[38;2;142;183;113m▓[38;2;126;162;100m▓[38;2;126;161;100m▒[38;2;131;169;104m▓[38;2;138;177;110m█[38;2;132;169;105m█[38;2;133;171;106m█[38;2;151;194;120m▒[38;2;143;183;113m▒[38;2;145;186;115m▓[38;2;135;173;107m▓[38;2;149;192;119m▓[38;2;122;157;97m▓[38;2;136;174;108m█[38;2;135;173;107m▒[38;2;107;138;87m▒[38;2;107;138;87m▒[38;2;64;90;58m░[38;2;119;153;94m▓[38;2;135;173;107m▒[38;2;45;50;58m [38;2;104;50;54m▪[38;2;45;50;58m [38;2;45;50;58m [38;2;45;50;58m [38;2;45;50;58m [38;2;45;50;58m [38;2;81;39;42m×[38;2;45;50;58m [38;2;158;76;83m×[38;2;45;50;58m [38;2;45;50;58m [38;2;45;50;58m [38;2;45;50;58m [38;2;130;62;68m▪[38;2;45;50;58m [38;2;111;53;58m×[38;2;45;50;58m [38;2;136;65;71m▪[38;2;45;50;58m [38;2;45;50;58m [38;2;91;164;225m█[38;2;45;50;58m [38;2;85;154;211m▒[38;2;45;50;58m [38;2;88;159;217m▒[38;2;79;143;195m▒[38;2;45;50;58m [38;2;45;50;58m [38;2;44;88;127m░[38;2;70;128;181m▒[38;2;79;144;196m▓[38;2;44;88;127m░[38;2;70;128;181m▒[38;2;84;153;209m▓[38;2;87;158;215m▓[38;2;94;170;233m▓[38;2;92;166;227m▓[38;2;88;159;217m█[38;2;78;141;193m▒[38;2;78;142;194m▓[38;2;89;160;219m▒[38;2;85;153;209m▓[38;2;76;137;187m█[38;2;83;151;206m▓[38;2;77;139;190m▒[38;2;80;145;198m█[38;2;94;171;233m█[38;2;92;166;227m▓[38;2;84;151;207m█[38;2;80;145;199m▓[38;2;93;168;229m▓[38;2;82;149;204m█[38;2;96;173;237m▓[38;2;70;128;181m▒[38;2;78;140;192m▒[38;2;87;157;214m▒[38;2;81;147;201m▓[38;2;80;144;197m█[38;2;77;140;192m▒[0m
[38;2;145;186;115m▓[38;2;122;157;97m▓[38;2;147;189;117m█[38;2;126;161;100m▓[38;2;129;165;102m▓[38;2;129;166;103m█[38;2;133;171;106m▒[38;2;107;138;87m▒[38;2;118;152;94m▓[38;2;147;188;117m█[38;2;135;174;108m▒[38;2;130;167;104m█[38;2;149;192;119m█[38;2;135;173;107m▒[38;2;121;155;96m█[38;2;151;194;120m▓[38;2;124;159;98m█[38;2;130;167;104m▓[38;2;146;188;116m▓[38;2;107;138;87m▒[38;2;131;168;104m▓[38;2;135;173;107m█[38;2;107;138;87m▒[38;2;107;138;87m▒[38;2;40;58;36m·[38;2;107;138;87m▒[38;2;40;58;36m·[38;2;107;138;87m▒[38;2;149;71;77m×[38;2;45;50;58m [38;2;148;71;77m×[38;2;73;35;38m×[38;2;45;50;58m [38;2;45;50;58m [38;2;45;50;58m [38;2;45;50;58m [38;2;45;50;58m [38;2;45;50;58m [38;2;45;50;58m [38;2;153;73;80m▪[38;2;153;74;80m×[38;2;45;50;58m [38;2;120;58;63m·[38;2;45;50;58m [38;2;131;63;68m·[38;2;45;50;58m [38;2;173;83;90m▪[38;2;160;77;83m×[38;2;45;50;58m [38;2;45;50;58m [38;2;45;50;58m [38;2;45;50;58m [38;2;45;50;58m [38;2;45;50;58m [38;2;45;50;58m [38;2;45;50;58m [38;2;45;50;58m [38;2;45;50;58m [38;2;91;164;225m▒[38;2;44;88;127m░[38;2;70;128;181m▒[38;2;70;128;181m▒[38;2;86;155;212m▓[38;2;28;55;80m·[38;2;44;88;127m░[38;2;79;142;195m█[38;2;96;173;236m█[38;2;79;143;195m▓[38;2;80;145;198m▓[38;2;89;161;221m▓[38;2;85;153;209m▒[38;2;95;171;234m█[38;2;79;143;195m▒[38;2;86;155;212m▒[38;2;77;138;189m▓[38;2;87;157;214m█[38;2;79;143;195m▒[38;2;77;140;191m█[38;2;80;145;198m▓[38;2;87;157;215m█[38;2;81;147;201m▓[38;2;92;166;227m█[38;2;78;142;194m▒[38;2;84;152;207m▒[38;2;70;128;181m▒[38;2;95;172;235m▓[38;2;70;128;181m▒[38;2;82;148;202m▓[0m
[38;2;150;193;120m▓[38;2;120;153;95m▒[38;2;141;181;112m▒[38;2;127;163;101m█[38;2;148;191;118m█[38;2;143;183;114m▓[38;2;130;167;103m▓[38;2;145;187;116m█[38;2;128;164;102m▓[38;2;148;189;117m▓[38;2;123;158;98m█[38;2;137;176;109m▒[38;2;107;138;87m▒[38;2;136;174;108m▒[38;2;124;159;98m▒[38;2;151;194;120m▒[38;2;131;168;104m▓[38;2;143;184;114m█[38;2;130;167;103m█[38;2;141;182;112m▒[38;2;144;185;114m▓[38;2;135;174;108m█[38;2;64;90;58m░[38;2;138;177;110m█[38;2;107;138;87m▒[38;2;141;181;112m▒[38;2;64;90;58m░[38;2;142;183;113m▓[38;2;45;50;58m [38;2;45;50;58m [38;2;45;50;58m [38;2;45;50;58m [38;2;45;50;58m [38;2;45;50;58m [38;2;185;89;96m·[38;2;118;56;61m·[38;2;45;50;58m [38;2;45;50;58m [38;2;45;50;58m [38;2;45;50;58m [38;2;45;50;58m [38;2;82;39;43m▪[38;2;45;50;58m [38;2;166;80;86m×[38;2;45;50;58m [38;2;45;50;58m [38;2;96;46;50m·[38;2;45;50;58m [38;2;45;50;58m [38;2;45;50;58m [38;2;68;33;35m▪[38;2;45;50;58m [38;2;120;58;62m·[38;2;105;51;55m·[38;2;45;50;58m [38;2;45;50;58m [38;2;75;36;39m×[38;2;45;50;58m [38;2;93;169;231m█[38;2;70;128;181m▒[38;2;28;55;80m·[38;2;77;139;190m▓[38;2;44;88;127m░[38;2;77;139;190m▒[38;2;44;88;127m░[38;2;80;145;198m▓[38;2;40;30;19m·[38;2;70;128;181m▒[38;2;90;163;222m▓[38;2;78;142;194m▓[38;2;86;155;211m▒[38;2;76;138;189m▓[38;2;93;168;229m█[38;2;89;161;220m▓[38;2;76;137;187m▓[38;2;80;145;198m▓[38;2;93;168;230m█[38;2;87;157;215m▒[38;2;70;128;181m▒[38;2;85;153;209m▒[38;2;84;152;207m▓[38;2;94;170;233m█[38;2;85;154;211m▒[38;2;83;151;206m▓[38;2;94;169;231m▓[38;2;95;172;235m▓[38;2;79;143;195m█[38;2;93;167;229m█[0m
[38;2;141;182;112m█[38;2;148;190;118m█[38;2;120;154;96m█[38;2;120;155;96m█[38;2;147;189;117m▒[38;2;147;188;117m▒[38;2;131;168;104m█[38;2;146;188;116m█[38;2;143;183;114m█[38;2;128;164;102m▒[38;2;127;163;101m▓[38;2;135;173;107m▓[38;2;150;193;119m█[38;2;125;160;99m▒[38;2;140;180;111m█[38;2;145;186;116m▓[38;2;141;181;112m▓[38;2;135;173;107m▒[38;2;142;182;113m▒[38;2;135;174;108m█[38;2;107;138;87m▒[38;2;144;186;115m█[38;2;146;187;116m█[38;2;64;90;58m░[38;2;150;193;120m▒[38;2;134;172;106m▓[38;2;40;58;36m·[38;2;107;138;87m▒[38;2;45;50;58m [38;2;45;50;58m [38;2;45;50;58m [38;2;45;50;58m [38;2;45;50;58m [38;2;45;50;58m [38;2;45;50;58m [38;2;45;50;58m [38;2;188;90;98m·[38;2;45;50;58m [38;2;140;67;73m×[38;2;72;34;37m×[38;2;45;50;58m [38;2;173;83;90m·[38;2;86;41;45m×[38;2;122;59;64m·[38;2;146;70;76m×[38;2;110;53;57m·[38;2;45;50;58m [38;2;45;50;58m [38;2;45;50;58m [38;2;45;50;58m [38;2;45;50;58m [38;2;45;50;58m [38;2;45;50;58m [38;2;45;50;58m [38;2;96;174;238m▓[38;2;45;50;58m [38;2;45;50;58m [38;2;45;50;58m [38;2;96;173;237m▓[38;2;84;153;209m▓[38;2;70;128;181m▒[38;2;70;128;181m▒[38;2;77;139;190m▓[38;2;79;143;195m█[38;2;87;157;215m▓[38;2;93;168;230m█[38;2;77;57;37m░[38;2;85;154;210m█[38;2;79;143;196m▓[38;2;81;146;199m▓[38;2;70;128;181m▒[38;2;92;166;227m▓[38;2;94;169;231m▓[38;2;96;174;238m▓[38;2;93;169;231m▒[38;2;80;145;199m█[38;2;70;128;181m▒[38;2;85;153;210m█[38;2;82;148;202m▒[38;2;94;171;233m▓[38;2;90;163;223m▓[38;2;81;146;200m▒[38;2;85;153;209m▓[38;2;96;173;237m▓[38;2;78;140;192m▒[38;2;82;149;204m▓[38;2;76;138;189m█[38;2;80;145;198m█[0m
[38;2;124;159;99m▒[38;2;151;194;120m█[38;2;130;167;104m▓[38;2;147;189;117m▒[38;2;121;155;96m▒[38;2;151;194;120m▓[38;2;151;194;120m▓[38;2;135;174;108m▒[38;2;147;188;117m█[38;2;131;169;105m▓[38;2;122;157;97m▒[38;2;136;174;108m▓[38;2;123;158;98m▒[38;2;129;166;103m▒[38;2;120;154;95m▓[38;2;146;187;116m█[38;2;150;192;119m▓[38;2;130;167;103m▓[38;2;124;159;98m▓[38;2;121;155;96m▓[38;2;150;193;119m▒[38;2;129;166;103m█[38;2;119;153;95m▓[38;2;145;186;116m▒[38;2;107;138;87m▒[38;2;107;138;87m▒[38;2;107;138;87m▒[38;2;40;58;36m·[38;2;141;181;112m▓[38;2;64;90;58m░[38;2;133;170;106m▒[38;2;64;90;58m░[38;2;98;47;51m·[38;2;64;90;58m░[38;2;45;50;58m [38;2;127;164;101m▓[38;2;107;138;87m▒[38;2;86;41;45m▪[38;2;135;65;70m×[38;2;69;33;36m×[38;2;45;50;58m [38;2;45;50;58m [38;2;45;50;58m [38;2;113;54;59m·[38;2;73;35;38m·[38;2;45;50;58m [38;2;45;50;58m [38;2;85;41;44m×[38;2;45;50;58m [38;2;129;62;67m▪[38;2;45;50;58m [38;2;45;50;58m [38;2;141;68;73m×[38;2;147;70;76m·[38;2;45;50;58m [38;2;152;73;79m·[38;2;44;88;127m░[38;2;45;50;58m [38;2;70;128;181m▒[38;2;44;88;127m░[38;2;28;55;80m·[38;2;87;157;215m█[38;2;44;88;127m░[38;2;70;128;181m▒[38;2;74;55;36m░[38;2;79;58;38m·[38;2;83;150;205m▒[38;2;77;57;38m [38;2;93;169;231m▒[38;2;70;128;181m▒[38;2;79;142;194m▓[38;2;76;138;188m█[38;2;86;156;214m█[38;2;93;168;230m▓[38;2;89;160;219m█[38;2;70;128;181m▒[38;2;80;145;198m█[38;2;83;150;205m▓[38;2;86;155;212m▓[38;2;86;155;212m▓[38;2;92;166;227m█[38;2;85;154;210m▓[38;2;85;154;211m▓[38;2;83;151;206m▒[38;2;76;138;188m▓[38;2;77;139;190m▓[38;2;94;170;233m▒[38;2;83;151;206m▓[0m
[38;2;142;182;113m▒[38;2;132;170;105m▓[38;2;122;157;97m█[38;2;130;167;103m▓[38;2;137;176;109m▓[38;2;137;175;109m▒[38;2;139;179;111m▓[38;2;118;152;94m█[38;2;139;179;111m▒[38;2;123;158;98m█[38;2;126;162;101m▒[38;2;135;173;107m▓[38;2;138;177;110m█[38;2;128;165;102m▓[38;2;119;153;94m▓[38;2;136;174;108m▒[38;2;122;157;97m▓[38;2;107;138;87m▒[38;2;138;178;110m▒[38;2;130;167;103m▓[38;2;147;188;117m▒[38;2;150;193;119m▒[38;2;143;184;114m▒[38;2;143;184;114m█[38;2;107;138;87m▒[38;2;64;90;58m░[38;2;120;154;96m█[38;2;136;174;108m▒[38;2;107;138;87m▒[38;2;147;188;117m▒[38;2;45;50;58m [38;2;45;50;58m [38;2;143;184;114m▒[38;2;45;50;58m [38;2;136;175;108m▓[38;2;127;61;66m▪[38;2;45;50;58m [38;2;45;50;58m [38;2;166;80;86m·[38;2;45;50;58m [38;2;45;50;58m [38;2;45;50;58m [38;2;184;89;96m·[38;2;45;50;58m [38;2;96;46;50m×[38;2;45;50;58m [38;2;153;73;80m·[38;2;102;49;53m·[38;2;45;50;58m [38;2;99;48;52m×[38;2;45;50;58m [38;2;142;68;74m×[38;2;45;50;58m [38;2;45;50;58m [38;2;90;163;223m▓[38;2;45;50;58m [38;2;45;50;58m [38;2;45;50;58m [38;2;95;172;235m█[38;2;44;88;127m░[38;2;70;128;181m▒[38;2;28;55;80m·[38;2;47;35;23m·[38;2;70;128;181m▒[38;2;78;142;194m█[38;2;85;154;210m█[38;2;70;128;181m▒[38;2;56;41;27m [38;2;58;43;28m·[38;2;78;141;193m█[38;2;77;139;191m█[38;2;70;128;181m▒[38;2;85;155;211m█[38;2;89;161;220m▓[38;2;70;128;181m▒[38;2;79;143;195m▓[38;2;86;155;212m▓[38;2;76;137;187m▓[38;2;77;139;190m▒[38;2;82;149;204m▒[38;2;70;128;181m▒[38;2;83;150;205m▓[38;2;77;139;191m▓[38;2;94;170;233m▒[38;2;70;128;181m▒[38;2;80;145;198m▓[38;2;70;128;181m▒[38;2;82;148;202m▓[0m
[38;2;150;193;119m▒[38;2;120;154;95m▓[38;2;142;183;113m█[38;2;129;166;103m█[38;2;119;153;95m▓[38;2;118;152;94m▒[38;2;121;155;96m▓[38;2;122;157;97m█[38;2;149;192;119m▓[38;2;138;177;110m▒[38;2;146;188;116m▓[38;2;144;184;114m▒[38;2;138;177;110m▓[38;2;127;163;101m▒[38;2;148;190;118m█[38;2;124;159;99m▓[38;2;124;159;99m▓[38;2;136;174;108m█[38;2;147;188;117m▓[38;2;148;191;118m▒[38;2;107;138;87m▒[38;2;138;177;109m▓[38;2;127;164;101m█[38;2;119;153;95m▓[38;2;136;174;108m█[38;2;136;174;108m▒[38;2;141;181;112m▓[38;2;40;58;36m·[38;2;143;184;114m▓[38;2;107;138;87m▒[38;2;186;90;97m·[38;2;84;40;44m×[38;2;125;161;100m▓[38;2;145;186;115m▓[38;2;45;50;58m [38;2;108;52;56m▪[38;2;183;88;96m·[38;2;45;50;58m [38;2;99;47;51m×[38;2;110;53;57m·[38;2;45;50;58m [38;2;121;58;63m·[38;2;45;50;58m [38;2;45;50;58m [38;2;72;34;37m×[38;2;45;50;58m [38;2;45;50;58m [38;2;45;50;58m [38;2;45;50;58m [38;2;45;50;58m [38;2;45;50;58m [38;2;45;50;58m [38;2;44;88;127m░[38;2;70;128;181m▒[38;2;45;50;58m [38;2;45;50;58m [38;2;45;50;58m [38;2;119;57;62m×[38;2;87;158;215m█[38;2;70;128;181m▒[38;2;85;154;210m▓[38;2;28;55;80m·[38;2;86;155;212m▒[38;2;87;157;214m▓[38;2;70;128;181m▒[38;2;70;128;181m▒[38;2;88;159;217m█[38;2;86;155;212m█[38;2;70;128;181m▒[38;2;95;172;235m▒[38;2;95;171;234m█[38;2;81;147;201m█[38;2;80;145;198m▓[38;2;84;153;209m▓[38;2;90;163;222m▒[38;2;84;153;209m▓[38;2;91;164;224m▓[38;2;90;163;222m▓[38;2;75;136;187m█[38;2;82;148;203m▓[38;2;80;145;199m█[38;2;83;150;206m▓[38;2;87;158;215m▓[38;2;70;128;181m▒[38;2;89;161;221m▓[38;2;77;138;189m▓[38;2;92;166;227m▓[38;2;87;157;214m█[0m
[38;2;119;153;95m▓[38;2;140;180;112m▓[38;2;141;181;112m▓[38;2;122;157;97m▒[38;2;133;170;106m▓[38;2;126;162;100m▒[38;2;144;185;115m▒[38;2;121;155;96m▓[38;2;127;162;101m▓[38;2;151;194;120m▒[38;2;129;165;102m▒[38;2;143;184;114m▓[38;2;131;169;104m▒[38;2;139;178;110m▒[38;2;141;181;112m█[38;2;132;169;105m▓[38;2;149;192;119m█[38;2;133;170;106m█[38;2;118;152;94m▓[38;2;137;175;109m▒[38;2;136;175;108m▓[38;2;144;184;114m▓[38;2;107;138;87m▒[38;2;64;90;58m░[38;2;147;188;117m▒[38;2;107;138;87m▒[38;2;40;58;36m·[38;2;122;156;97m▓[38;2;138;177;110m▓[38;2;107;138;87m▒[38;2;127;163;101m▓[38;2;40;58;36m·[38;2;96;46;50m▪[38;2;45;50;58m [38;2;45;50;58m [38;2;45;50;58m [38;2;45;50;58m [38;2;45;50;58m [38;2;45;50;58m [38;2;126;60;66m×[38;2;45;50;58m [38;2;125;60;65m·[38;2;72;34;37m·[38;2;118;57;61m×[38;2;45;50;58m [38;2;45;50;58m [38;2;45;50;58m [38;2;45;50;58m [38;2;116;56;60m·[38;2;137;66;71m·[38;2;45;50;58m [38;2;45;50;58m [38;2;84;152;208m▒[38;2;45;50;58m [38;2;45;50;58m [38;2;45;50;58m [38;2;45;50;58m [38;2;87;157;214m█[38;2;85;153;210m▓[38;2;83;149;204m█[38;2;80;144;197m▓[38;2;92;167;228m▓[38;2;28;55;80m·[38;2;76;137;187m▓[38;2;67;49;32m░[38;2;64;47;31m·[38;2;87;158;216m▓[38;2;39;28;19m·[38;2;85;155;211m▓[38;2;81;147;200m▒[38;2;90;162;222m▓[38;2;85;154;210m▓[38;2;90;163;222m█[38;2;94;170;232m▒[38;2;92;166;227m▒[38;2;95;172;235m█[38;2;88;159;217m▓[38;2;80;144;197m▒[38;2;83;150;204m▓[38;2;76;138;189m▓[38;2;84;152;208m█[38;2;82;148;202m▒[38;2;78;142;194m▓[38;2;91;164;225m█[38;2;75;137;187m▓[38;2;88;160;219m▓[38;2;95;172;235m▒[38;2;77;138;189m▒[0m
[38;2;142;182;113m▓[38;2;123;158;98m▒[38;2;120;154;95m█[38;2;144;185;114m▓[38;2;149;191;118m▓[38;2;137;176;109m█[38;2;126;162;100m▒[38;2;118;152;94m▓[38;2;131;169;104m▓[38;2;143;184;114m▓[38;2;142;182;113m▒[38;2;146;187;116m█[38;2;107;138;87m▒[38;2;126;161;100m█[38;2;145;186;115m▓[38;2;135;174;108m▓[38;2;132;170;105m▓[38;2;147;189;117m▓[38;2;135;173;107m▓[38;2;127;163;101m▒[38;2;107;138;87m▒[38;2;121;155;96m▒[38;2;136;174;108m▓[38;2;118;152;94m▓[38;2;107;138;87m▒[38;2;149;191;118m█[38;2;141;181;112m█[38;2;40;58;36m·[38;2;138;178;110m▓[38;2;141;181;112m▓[38;2;140;180;111m▓[38;2;119;153;95m█[38;2;122;157;97m▓[38;2;45;50;58m [38;2;107;138;87m▒[38;2;45;50;58m [38;2;107;138;87m▒[38;2;181;87;94m▪[38;2;45;50;58m [38;2;107;138;87m▒[38;2;45;50;58m [38;2;45;50;58m [38;2;175;84;91m×[38;2;190;91;99m·[38;2;45;50;58m [38;2;45;50;58m [38;2;45;50;58m [38;2;89;42;46m×[38;2;45;50;58m [38;2;45;50;58m [38;2;45;50;58m [38;2;129;62;67m▪[38;2;45;50;58m [38;2;45;50;58m [38;2;139;67;72m·[38;2;45;50;58m [38;2;88;42;46m·[38;2;45;50;58m [38;2;44;88;127m░[38;2;91;164;225m▒[38;2;87;158;216m▓[38;2;70;128;181m▒[38;2;70;128;181m▒[38;2;44;88;127m░[38;2;55;40;27m·[38;2;43;31;21m·[38;2;41;30;20m░[38;2;51;37;25m [38;2;94;170;233m▓[38;2;70;128;181m▒[38;2;90;162;221m█[38;2;77;139;189m█[38;2;76;137;187m▓[38;2;79;142;194m▒[38;2;87;158;216m█[38;2;95;172;235m▓[38;2;79;143;195m▒[38;2;93;169;231m▒[38;2;86;156;213m█[38;2;87;157;215m▓[38;2;92;167;228m▓[38;2;84;151;207m█[38;2;83;149;204m▒[38;2;81;146;200m█[38;2;92;167;228m▓[38;2;92;167;228m█[38;2;87;157;214m▓[38;2;78;141;193m▒[0m
[38;2;135;174;108m▓[38;2;148;190;117m▒[38;2;131;168;104m█[38;2;138;178;110m▒[38;2;132;169;105m▓[38;2;149;192;119m▓[38;2;133;170;106m▓[38;2;136;174;108m▓[38;2;122;157;97m▓[38;2;143;184;114m▓[38;2;140;180;111m▓[38;2;123;158;98m▒[38;2;129;165;102m█[38;2;143;184;114m█[38;2;122;157;97m▓[38;2;128;164;101m█[38;2;126;162;100m▓[38;2;129;165;102m▓[38;2;137;177;109m▒[38;2;121;155;96m▒[38;2;134;172;107m▓[38;2;125;160;99m█[38;2;131;168;104m▓[38;2;107;138;87m▒[38;2;143;184;114m▓[38;2;120;154;95m█[38;2;40;58;36m·[38;2;129;166;103m▓[38;2;64;90;58m░[38;2;106;51;55m▪[38;2;45;50;58m [38;2;148;189;117m▓[38;2;45;50;58m [38;2;103;50;54m·[38;2;40;58;36m·[38;2;45;50;58m [38;2;45;50;58m [38;2;95;46;49m·[38;2;45;50;58m [38;2;45;50;58m [38;2;93;45;49m×[38;2;45;50;58m [38;2;143;69;74m▪[38;2;182;88;95m×[38;2;45;50;58m [38;2;45;50;58m [38;2;183;88;95m·[38;2;83;40;43m▪[38;2;96;46;50m·[38;2;184;89;96m▪[38;2;45;50;58m [38;2;87;158;216m▓[38;2;45;50;58m [38;2;45;50;58m [38;2;45;50;58m [38;2;140;67;73m×[38;2;44;88;127m░[38;2;139;67;72m×[38;2;44;88;127m░[38;2;28;55;80m·[38;2;70;128;181m▒[38;2;85;154;211m▒[38;2;70;128;181m▒[38;2;90;163;222m▒[38;2;44;32;21m·[38;2;79;143;196m▓[38;2;90;163;222m▓[38;2;81;146;200m▒[38;2;94;170;232m▒[38;2;85;155;211m█[38;2;79;143;196m▓[38;2;78;141;193m▒[38;2;91;165;225m▒[38;2;82;147;202m█[38;2;95;172;235m▓[38;2;82;148;202m▓[38;2;78;142;194m▒[38;2;76;138;189m▓[38;2;89;161;221m▓[38;2;70;128;181m▒[38;2;92;166;227m▓[38;2;84;152;208m▒[38;2;94;171;234m█[38;2;89;161;221m▒[38;2;87;158;216m▓[38;2;92;167;229m█[38;2;94;171;233m█[38;2;87;157;215m▓[0m
[38;2;134;172;106m▓[38;2;150;193;120m█[38;2;122;157;97m▓[38;2;122;157;97m█[38;2;107;138;87m▒[38;2;143;184;114m▒[38;2;145;186;115m▓[38;2;107;138;87m▒[38;2;144;184;114m▓[38;2;119;153;95m▒[38;2;118;152;94m▒[38;2;136;174;108m▓[38;2;149;191;118m▓[38;2;133;170;106m▓[38;2;149;191;119m▓[38;2;145;186;115m▓[38;2;126;161;100m█[38;2;139;178;110m▒[38;2;137;176;109m▓[38;2;132;170;105m▓[38;2;125;160;99m▓[38;2;125;161;100m▓[38;2;120;154;95m█[38;2;129;166;103m▓[38;2;40;58;36m·[38;2;107;138;87m▒[38;2;123;158;98m█[38;2;136;175;108m▓[38;2;129;166;103m▓[38;2;122;156;97m▒[38;2;151;194;120m▒[38;2;123;158;98m█[38;2;144;185;114m█[38;2;142;183;113m▒[38;2;120;154;96m█[38;2;45;50;58m [38;2;64;90;58m░[38;2;45;50;58m [38;2;107;138;87m▒[38;2;156;75;81m×[38;2;143;69;75m×[38;2;45;50;58m [38;2;45;50;58m [38;2;45;50;58m [38;2;133;64;69m×[38;2;45;50;58m [38;2;114;55;59m·[38;2;174;84;91m×[38;2;45;50;58m [38;2;45;50;58m [38;2;45;50;58m [38;2;45;50;58m [38;2;44;88;127m░[38;2;174;84;91m×[38;2;45;50;58m [38;2;97;46;50m×[38;2;45;50;58m [38;2;77;139;190m▒[38;2;28;55;80m·[38;2;76;138;189m█[38;2;76;137;188m▓[38;2;28;55;80m·[38;2;70;128;181m▒[38;2;70;128;181m▒[38;2;70;128;181m▒[38;2;44;88;127m░[38;2;92;167;228m▓[38;2;70;128;181m▒[38;2;84;151;207m▓[38;2;77;139;190m▒[38;2;85;154;210m█[38;2;91;165;226m▒[38;2;92;166;227m▒[38;2;76;137;187m▒[38;2;86;156;214m▓[38;2;94;170;232m▓[38;2;86;155;212m▓[38;2;89;160;219m▒[38;2;90;163;223m▓[38;2;96;174;237m▒[38;2;92;167;229m▒[38;2;92;166;227m▓[38;2;94;171;233m▓[38;2;93;168;229m█[38;2;89;162;221m▒[38;2;90;164;224m▓[38;2;87;158;216m█[38;2;89;160;219m█[0m
[38;2;119;152;94m▒[38;2;139;179;111m▓[38;2;124;160;99m▓[38;2;123;158;98m█[38;2;142;182;113m█[38;2;137;175;109m▓[38;2;107;138;87m▒[38;2;107;138;87m▒[38;2;131;168;104m▒[38;2;147;189;117m█[38;2;119;153;95m▓[38;2;133;171;106m█[38;2;148;190;118m▓[38;2;121;156;97m█[38;2;134;172;107m█[38;2;126;162;100m▓[38;2;128;165;102m█[38;2;118;152;94m▓[38;2;133;171;106m▓[38;2;136;175;108m▓[38;2;151;194;120m▓[38;2;107;138;87m▒[38;2;142;182;113m█[38;2;150;193;119m▓[38;2;64;90;58m░[38;2;40;58;36m·[38;2;40;58;36m·[38;2;107;138;87m▒[38;2;40;58;36m·[38;2;144;185;115m█[38;2;132;169;105m▓[38;2;45;50;58m [38;2;45;50;58m [38;2;45;50;58m [38;2;149;72;78m·[38;2;45;50;58m [38;2;123;158;98m▒[38;2;134;172;107m█[38;2;107;138;87m▒[38;2;45;50;58m [38;2;45;50;58m [38;2;137;66;71m·[38;2;45;50;58m [38;2;45;50;58m [38;2;83;40;43m×[38;2;45;50;58m [38;2;45;50;58m [38;2;99;48;52m×[38;2;45;50;58m [38;2;45;50;58m [38;2;79;144;196m▒[38;2;45;50;58m [38;2;86;156;213m▒[38;2;44;88;127m░[38;2;76;137;187m▒[38;2;45;50;58m [38;2;45;50;58m [38;2;45;50;58m [38;2;70;128;181m▒[38;2;70;128;181m▒[38;2;91;164;224m█[38;2;28;55;80m·[38;2;44;88;127m░[38;2;84;152;208m▒[38;2;95;172;235m█[38;2;86;156;213m█[38;2;92;166;227m▓[38;2;80;145;199m▓[38;2;75;136;186m▓[38;2;95;171;234m▓[38;2;84;151;207m█[38;2;70;128;181m▒[38;2;79;142;194m▓[38;2;91;164;224m▒[38;2;70;128;181m▒[38;2;89;162;221m█[38;2;95;172;236m█[38;2;79;143;196m▓[38;2;79;142;195m▓[38;2;83;150;205m█[38;2;89;161;221m▓[38;2;87;157;214m█[38;2;82;148;203m▓[38;2;82;149;203m█[38;2;84;152;208m█[38;2;78;141;192m▒[38;2;76;137;188m▓[38;2;77;139;191m█[0m
[38;2;136;174;108m▒[38;2;147;189;117m▓[38;2;126;162;100m▒[38;2;150;192;119m▓[38;2;120;154;95m▒[38;2;128;165;102m▓[38;2;150;193;119m▓[38;2;151;194;120m▒[38;2;151;194;120m▓[38;2;130;166;103m▓[38;2;144;185;114m▓[38;2;122;156;97m▓[38;2;140;180;112m▓[38;2;128;165;102m▒[38;2;133;170;105m▓[38;2;136;174;108m▒[38;2;142;182;113m▒[38;2;149;192;119m▓[38;2;143;183;114m▓[38;2;126;162;100m█[38;2;144;185;115m▓[38;2;107;138;87m▒[38;2;64;90;58m░[38;2;107;138;87m▒[38;2;145;187;116m▓[38;2;118;152;94m▒[38;2;119;153;95m█[38;2;64;90;58m░[38;2;120;153;95m▓[38;2;45;50;58m [38;2;149;191;118m▒[38;2;107;138;87m▒[38;2;64;90;58m░[38;2;45;50;58m [38;2;125;60;65m×[38;2;45;50;58m [38;2;114;55;59m▪[38;2;45;50;58m [38;2;45;50;58m [38;2;45;50;58m [38;2;148;71;77m×[38;2;83;40;43m×[38;2;45;50;58m [38;2;45;50;58m [38;2;98;47;51m▪[38;2;45;50;58m [38;2;95;46;50m×[38;2;45;50;58m [38;2;45;50;58m [38;2;45;50;58m [38;2;70;128;181m▒[38;2;149;72;78m·[38;2;45;50;58m [38;2;114;55;60m·[38;2;45;50;58m [38;2;45;50;58m [38;2;45;50;58m [38;2;45;50;58m [38;2;70;128;181m▒[38;2;93;169;230m█[38;2;28;55;80m·[38;2;86;155;212m▓[38;2;70;128;181m▒[38;2;76;138;188m▒[38;2;83;150;205m█[38;2;87;158;216m▓[38;2;83;149;204m█[38;2;79;144;196m▒[38;2;76;138;189m█[38;2;92;167;228m▓[38;2;95;172;235m█[38;2;90;163;222m█[38;2;95;172;235m▒[38;2;83;150;205m▓[38;2;95;172;235m▓[38;2;80;145;198m▓[38;2;96;174;238m█[38;2;77;139;190m▓[38;2;78;141;192m▒[38;2;80;145;198m█[38;2;79;143;196m█[38;2;80;145;199m█[38;2;81;146;199m▓[38;2;96;173;237m▓[38;2;85;153;210m█[38;2;76;138;188m█[38;2;95;172;235m▒[38;2;85;153;209m█[0m
[38;2;142;182;113m█[38;2;144;184;114m█[38;2;124;159;98m▓[38;2;139;179;111m▓[38;2;150;193;120m▓[38;2;150;193;119m▓[38;2;147;189;117m▓[38;2;143;184;114m█[38;2;135;173;107m▓[38;2;134;172;107m█[38;2;131;168;104m▓[38;2;136;175;108m▓[38;2;107;138;87m▒[38;2;147;189;117m▒[38;2;124;159;98m▓[38;2;144;185;114m▓[38;2;141;181;112m▓[38;2;149;192;119m▒[38;2;143;184;114m▒[38;2;140;179;111m▓[38;2;127;163;101m▒[38;2;64;90;58m░[38;2;151;193;120m▓[38;2;64;90;58m░[38;2;107;138;87m▒[38;2;132;170;105m█[38;2;124;159;99m▒[38;2;123;158;98m▓[38;2;181;87;94m·[38;2;45;50;58m [38;2;45;50;58m [38;2;45;50;58m [38;2;185;89;96m×[38;2;45;50;58m [38;2;75;45;83m·[38;2;45;50;58m [38;2;45;50;58m [38;2;45;50;58m [38;2;148;71;77m×[38;2;45;50;58m [38;2;45;50;58m [38;2;125;60;65m×[38;2;45;50;58m [38;2;45;50;58m [38;2;45;50;58m [38;2;45;50;58m [38;2;106;51;55m▪[38;2;45;50;58m [38;2;45;50;58m [38;2;45;50;58m [38;2;45;50;58m [38;2;45;50;58m [38;2;70;128;181m▒[38;2;92;166;227m▓[38;2;45;50;58m [38;2;45;50;58m [38;2;82;149;203m▓[38;2;95;172;235m█[38;2;81;147;202m▓[38;2;28;55;80m·[38;2;80;144;197m▒[38;2;44;88;127m░[38;2;28;55;80m·[38;2;70;128;181m▒[38;2;94;169;231m▓[38;2;80;144;197m▓[38;2;83;149;204m▓[38;2;70;128;181m▒[38;2;84;152;207m▒[38;2;77;139;190m█[38;2;94;169;232m▒[38;2;95;172;235m▓[38;2;93;169;231m▓[38;2;86;156;213m▓[38;2;87;158;216m█[38;2;87;157;214m▓[38;2;88;158;216m▓[38;2;88;160;219m█[38;2;95;172;235m▒[38;2;95;172;235m█[38;2;70;128;181m▒[38;2;77;140;192m▓[38;2;80;144;197m▒[38;2;77;140;191m▓[38;2;87;158;216m█[38;2;80;145;198m▓[38;2;76;137;187m▓[38;2;78;141;193m▓[0m
[38;2;135;173;107m▓[38;2;136;175;108m▓[38;2;121;156;96m█[38;2;150;193;120m█[38;2;147;189;117m█[38;2;136;175;108m█[38;2;128;165;102m█[38;2;147;189;117m▓[38;2;132;170;105m█[38;2;140;180;111m▒[38;2;130;167;103m█[38;2;151;194;120m▒[38;2;151;193;120m▒[38;2;129;166;103m█[38;2;131;168;104m▓[38;2;120;154;95m█[38;2;134;172;106m█[38;2;143;184;114m█[38;2;138;177;110m▓[38;2;141;181;112m▒[38;2;107;138;87m▒[38;2;150;192;119m▓[38;2;149;192;119m▓[38;2;136;175;109m█[38;2;40;58;36m·[38;2;144;185;115m▓[38;2;107;138;87m▒[38;2;127;163;101m█[38;2;45;50;58m [38;2;45;50;58m [38;2;45;50;58m [38;2;45;50;58m [38;2;174;84;91m·[38;2;45;50;58m [38;2;45;50;58m [38;2;45;50;58m [38;2;45;50;58m [38;2;45;50;58m [38;2;45;50;58m [38;2;153;74;80m·[38;2;45;50;58m [38;2;135;65;70m·[38;2;176;85;92m·[38;2;45;50;58m [38;2;86;41;45m·[38;2;45;50;58m [38;2;45;50;58m [38;2;45;50;58m [38;2;45;50;58m [38;2;83;151;206m█[38;2;83;150;206m▓[38;2;45;50;58m [38;2;45;50;58m [38;2;82;148;203m▓[38;2;45;50;58m [38;2;45;50;58m [38;2;96;174;238m▓[38;2;45;50;58m [38;2;70;128;181m▒[38;2;90;162;222m▒[38;2;82;149;204m▓[38;2;28;55;80m·[38;2;28;55;80m·[38;2;83;150;205m▓[38;2;91;165;226m▓[38;2;76;137;187m▓[38;2;94;171;233m█[38;2;75;137;187m▓[38;2;76;138;189m▓[38;2;89;161;220m▒[38;2;70;128;181m▒[38;2;70;128;181m▒[38;2;84;151;207m▓[38;2;87;158;216m▓[38;2;70;128;181m▒[38;2;70;128;181m▒[38;2;88;160;219m▓[38;2;93;169;230m▓[38;2;86;156;214m█[38;2;77;139;191m▓[38;2;95;172;235m▒[38;2;92;167;228m▓[38;2;70;128;181m▒[38;2;90;163;223m▓[38;2;75;136;186m█[38;2;88;159;217m█[38;2;70;128;181m▒[38;2;80;145;198m▒[0m
[38;2;121;156;96m▓[38;2;135;173;107m▓[38;2;120;154;96m▒[38;2;119;153;95m█[38;2;124;159;98m▓[38;2;134;173;107m█[38;2;133;171;106m▓[38;2;138;177;110m▒[38;2;140;180;112m█[38;2;126;162;100m█[38;2;120;154;95m▒[38;2;132;170;105m▓[38;2;136;175;108m█[38;2;128;164;101m▓[38;2;137;175;109m█[38;2;131;168;104m█[38;2;124;159;98m█[38;2;107;138;87m▒[38;2;144;185;114m█[38;2;119;153;95m▒[38;2;107;138;87m▒[38;2;135;174;108m▓[38;2;144;185;115m▓[38;2;141;181;112m█[38;2;136;174;108m▒[38;2;129;166;103m▒[38;2;122;156;97m▓[38;2;64;90;58m░[38;2;45;50;58m [38;2;180;87;94m·[38;2;45;50;58m [38;2;45;50;58m [38;2;45;50;58m [38;2;45;50;58m [38;2;45;50;58m [38;2;45;50;58m [38;2;45;50;58m [38;2;45;50;58m [38;2;100;48;52m·[38;2;45;50;58m [38;2;124;60;65m·[38;2;45;50;58m [38;2;45;50;58m [38;2;90;43;47m×[38;2;161;77;84m·[38;2;45;50;58m [38;2;171;82;89m·[38;2;45;50;58m [38;2;45;50;58m [38;2;45;50;58m [38;2;70;128;181m▒[38;2;171;82;89m·[38;2;45;50;58m [38;2;45;50;58m [38;2;45;50;58m [38;2;70;128;181m▒[38;2;45;50;58m [38;2;115;55;60m×[38;2;81;147;200m▒[38;2;94;171;233m▓[38;2;28;55;80m·[38;2;75;137;187m█[38;2;44;88;127m░[38;2;88;160;218m▓[38;2;90;162;222m▒[38;2;93;167;229m▓[38;2;79;143;196m▓[38;2;78;141;193m▓[38;2;70;128;181m▒[38;2;89;160;219m▒[38;2;95;171;234m▒[38;2;70;128;181m▒[38;2;83;149;204m▓[38;2;79;143;195m█[38;2;89;161;221m▓[38;2;76;137;188m▒[38;2;89;161;221m▓[38;2;70;128;181m▒[38;2;89;161;220m▓[38;2;88;159;217m▒[38;2;87;157;215m▓[38;2;90;163;222m▓[38;2;94;170;233m▓[38;2;70;128;181m▒[38;2;89;161;221m▒[38;2;70;128;181m▒[38;2;92;167;228m▓[38;2;70;128;181m▒[0m
[38;2;125;160;99m█[38;2;122;156;97m▓[38;2;125;161;100m█[38;2;140;179;111m▓[38;2;133;171;106m▓[38;2;140;180;112m█[38;2;107;138;87m▒[38;2;134;173;107m▓[38;2;129;166;103m▓[38;2;142;183;113m▒[38;2;147;189;117m▓[38;2;141;181;112m█[38;2;130;167;103m▒[38;2;143;183;113m▓[38;2;132;169;105m█[38;2;147;189;117m█[38;2;134;172;107m▓[38;2;150;193;120m█[38;2;136;175;109m▓[38;2;126;162;101m▓[38;2;124;160;99m▓[38;2;122;156;97m█[38;2;149;192;119m▓[38;2;119;152;94m▓[38;2;122;157;97m▒[38;2;40;58;36m·[38;2;142;183;113m▓[38;2;130;166;103m▒[38;2;142;68;74m·[38;2;45;50;58m [38;2;45;50;58m [38;2;45;50;58m [38;2;45;50;58m [38;2;45;50;58m [38;2;45;50;58m [38;2;45;50;58m [38;2;45;50;58m [38;2;45;50;58m [38;2;184;88;96m·[38;2;156;75;81m×[38;2;171;82;89m·[38;2;45;50;58m [38;2;161;77;84m▪[38;2;94;45;49m▪[38;2;175;84;91m×[38;2;92;44;48m▪[38;2;174;84;91m×[38;2;45;50;58m [38;2;45;50;58m [38;2;45;50;58m [38;2;70;128;181m▒[38;2;45;50;58m [38;2;45;50;58m [38;2;45;50;58m [38;2;45;50;58m [38;2;70;128;181m▒[38;2;45;50;58m [38;2;45;50;58m [38;2;77;139;190m▒[38;2;78;141;192m█[38;2;81;147;201m▓[38;2;89;161;220m▓[38;2;70;128;181m▒[38;2;70;128;181m▒[38;2;44;88;127m░[38;2;44;88;127m░[38;2;70;128;181m▒[38;2;86;156;213m▓[38;2;86;155;212m█[38;2;92;167;228m▒[38;2;81;146;200m▒[38;2;88;158;217m▒[38;2;84;151;207m█[38;2;92;167;228m▓[38;2;89;161;221m▓[38;2;83;149;204m█[38;2;86;155;212m▓[38;2;80;145;198m█[38;2;85;154;211m▓[38;2;78;141;193m▓[38;2;95;171;234m▒[38;2;93;169;231m▓[38;2;84;153;209m█[38;2;91;165;225m▓[38;2;96;174;238m▓[38;2;87;158;216m▒[38;2;84;152;208m▓[38;2;77;138;189m▒[0m
[38;2;147;188;117m█[38;2;133;170;106m▓[38;2;136;175;108m▓[38;2;149;191;118m▓[38;2;148;190;118m▓[38;2;125;160;99m█[38;2;131;169;104m▓[38;2;138;177;110m█[38;2;119;152;94m█[38;2;120;155;96m▓[38;2;143;183;114m▓[38;2;131;168;104m▓[38;2;143;183;114m▓[38;2;148;190;118m▓[38;2;120;154;95m▓[38;2;134;172;107m▓[38;2;149;192;119m▒[38;2;126;161;100m█[38;2;129;165;102m▓[38;2;134;172;106m▒[38;2;142;182;113m█[38;2;143;184;114m█[38;2;64;90;58m░[38;2;128;165;102m▒[38;2;126;161;100m▓[38;2;136;175;108m▒[38;2;144;185;115m█[38;2;107;138;87m▒[38;2;45;50;58m [38;2;45;50;58m [38;2;45;50;58m [38;2;186;90;97m×[38;2;45;50;58m [38;2;45;50;58m [38;2;45;50;58m [38;2;68;32;35m·[38;2;166;80;86m×[38;2;45;50;58m [38;2;45;50;58m [38;2;109;52;56m▪[38;2;45;50;58m [38;2;45;50;58m [38;2;45;50;58m [38;2;127;61;66m×[38;2;115;55;60m·[38;2;45;50;58m [38;2;45;50;58m [38;2;45;50;58m [38;2;45;50;58m [38;2;45;50;58m [38;2;45;50;58m [38;2;45;50;58m [38;2;45;50;58m [38;2;45;50;58m [38;2;45;50;58m [38;2;90;162;221m▓[38;2;45;50;58m [38;2;88;160;219m█[38;2;70;128;181m▒[38;2;70;128;181m▒[38;2;87;157;215m▓[38;2;70;128;181m▒[38;2;44;88;127m░[38;2;87;157;215m▓[38;2;90;162;222m█[38;2;90;164;224m█[38;2;70;128;181m▒[38;2;70;128;181m▒[38;2;91;165;226m█[38;2;78;142;194m▓[38;2;88;159;217m▒[38;2;70;128;181m▒[38;2;94;170;232m█[38;2;96;174;238m▓[38;2;86;155;212m▓[38;2;88;160;218m▒[38;2;87;157;215m▓[38;2;95;172;235m█[38;2;92;167;228m▓[38;2;87;157;214m█[38;2;70;128;181m▒[38;2;89;162;221m█[38;2;81;146;200m▒[38;2;80;144;197m▒[38;2;81;146;200m▓[38;2;70;128;181m▒[38;2;95;172;235m▒[38;2;81;147;201m▓[0m
[38;2;145;186;115m▒[38;2;134;172;106m▒[38;2;121;156;97m▓[38;2;145;186;115m█[38;2;136;175;108m▒[38;2;125;161;99m▓[38;2;138;178;110m▒[38;2;121;156;96m█[38;2;132;170;105m▓[38;2;151;193;120m▓[38;2;127;164;101m█[38;2;124;159;98m█[38;2;135;173;107m▒[38;2;140;180;112m▓[38;2;141;181;112m▓[38;2;120;155;96m▒[38;2;134;172;107m█[38;2;138;177;110m▓[38;2;122;156;97m▒[38;2;123;157;98m█[38;2;133;171;106m█[38;2;136;175;108m█[38;2;147;188;117m▒[38;2;140;180;111m▓[38;2;143;184;114m▒[38;2;107;138;87m▒[38;2;64;90;58m░[38;2;107;138;87m▒[38;2;45;50;58m [38;2;45;50;58m [38;2;80;39;42m×[38;2;45;50;58m [38;2;45;50;58m [38;2;45;50;58m [38;2;45;50;58m [38;2;145;70;76m×[38;2;175;84;91m▪[38;2;80;38;42m▪[38;2;184;88;96m×[38;2;167;80;87m×[38;2;135;65;70m×[38;2;45;50;58m [38;2;101;49;53m·[38;2;45;50;58m [38;2;45;50;58m [38;2;45;50;58m [38;2;45;50;58m [38;2;45;50;58m [38;2;144;69;75m·[38;2;92;44;48m×[38;2;45;50;58m [38;2;100;48;52m·[38;2;45;50;58m [38;2;45;50;58m [38;2;45;50;58m [38;2;126;60;65m·[38;2;45;50;58m [38;2;45;50;58m [38;2;28;55;80m·[38;2;83;150;205m▒[38;2;44;88;127m░[38;2;79;143;195m▓[38;2;70;128;181m▒[38;2;28;55;80m·[38;2;88;160;218m▒[38;2;92;167;229m█[38;2;94;170;233m▒[38;2;76;138;189m▓[38;2;70;128;181m▒[38;2;89;161;221m▒[38;2;96;173;237m▒[38;2;82;148;202m▓[38;2;76;138;189m█[38;2;84;152;208m█[38;2;93;168;229m█[38;2;82;148;203m▓[38;2;92;167;228m█[38;2;91;165;226m▓[38;2;78;141;193m▓[38;2;90;163;223m█[38;2;87;156;214m▓[38;2;94;170;232m█[38;2;87;158;215m▒[38;2;94;171;234m▓[38;2;86;155;212m▓[38;2;94;170;233m▓[38;2;79;144;197m▓[38;2;88;159;218m▒[0m
[38;2;107;138;87m▒[38;2;140;179;111m▒[38;2;151;193;120m▒[38;2;148;191;118m▒[38;2;132;170;105m█[38;2;127;163;101m▓[38;2;130;167;103m▓[38;2;134;172;106m▓[38;2;120;154;96m█[38;2;134;172;107m█[38;2;138;177;110m▒[38;2;133;171;106m▓[38;2;119;152;94m█[38;2;150;192;119m▒[38;2;119;152;94m▓[38;2;137;176;109m█[38;2;119;153;95m▓[38;2;143;183;113m▓[38;2;146;187;116m▓[38;2;125;160;99m▓[38;2;124;159;98m▒[38;2;121;156;96m▒[38;2;150;192;119m▓[38;2;139;179;111m▓[38;2;132;169;105m▓[38;2;140;179;111m▓[38;2;40;58;36m·[38;2;150;193;120m▓[38;2;45;50;58m [38;2;45;50;58m [38;2;45;50;58m [38;2;88;42;46m×[38;2;45;50;58m [38;2;45;50;58m [38;2;45;50;58m [38;2;45;50;58m [38;2;45;50;58m [38;2;45;50;58m [38;2;84;40;44m·[38;2;45;50;58m [38;2;169;81;88m·[38;2;137;66;71m×[38;2;45;50;58m [38;2;163;79;85m·[38;2;45;50;58m [38;2;180;87;94m·[38;2;45;50;58m [38;2;121;58;63m▪[38;2;182;87;95m×[38;2;45;50;58m [38;2;45;50;58m [38;2;45;50;58m [38;2;45;50;58m [38;2;105;51;55m×[38;2;45;50;58m [38;2;45;50;58m [38;2;45;50;58m [38;2;45;50;58m [38;2;77;140;191m█[38;2;70;128;181m▒[38;2;92;166;226m▒[38;2;75;136;187m▓[38;2;44;88;127m░[38;2;82;149;203m▓[38;2;70;128;181m▒[38;2;44;88;127m░[38;2;88;159;218m█[38;2;87;158;216m█[38;2;87;156;214m▓[38;2;88;159;217m▓[38;2;83;151;206m▓[38;2;76;137;187m▓[38;2;93;168;229m█[38;2;89;161;221m▓[38;2;81;147;201m▓[38;2;89;161;220m▓[38;2;93;168;230m▒[38;2;87;157;215m▓[38;2;96;174;237m▒[38;2;90;163;223m▒[38;2;82;148;203m█[38;2;92;166;227m▒[38;2;96;174;238m▓[38;2;84;152;208m▒[38;2;95;173;236m▒[38;2;77;140;192m█[38;2;80;145;198m▒[38;2;70;128;181m▒[0m