# terminal-art capture
# cols: 80
# rows: 22
# title: The Sharpening — Tick 3200 (diffusion=0.15, seed=7)
# tick: 3200
# seed: 7
# params: n_walkers=36, mutation_rate=0.01, diffusion=0.15, behavior=territorial

[48;2;30;33;39m[38;2;30;38;23m [38;2;42;54;33m [38;2;44;57;35m [38;2;37;47;29m [38;2;62;68;81m [38;2;14;18;11m [38;2;62;68;81m [38;2;38;48;30m⠁[38;2;57;73;45m⠁[38;2;62;68;81m  [38;2;28;37;23m·[38;2;62;68;81m [38;2;14;18;11m·[38;2;62;68;81m  [38;2;15;19;11m [38;2;22;28;17m·[38;2;13;17;10m⠁[38;2;62;68;81m  [38;2;13;17;11m [38;2;62;68;81m   [38;2;44;57;35m [38;2;62;68;81m [38;2;52;66;41m⠁[38;2;62;68;81m   [38;2;51;66;41m [38;2;62;68;81m [38;2;26;34;21m⠂[38;2;62;68;81m  [38;2;12;27;29m│[38;2;62;68;81m  [38;2;30;45;44m·[38;2;53;83;91m◦[38;2;35;59;73m·[38;2;62;68;81m  [38;2;33;60;83m·[38;2;62;68;81m       [38;2;48;87;119m⠄[38;2;30;54;74m⠈[38;2;24;43;59m⠄[38;2;62;68;81m   [38;2;72;131;179m·[38;2;62;68;81m [38;2;15;27;37m·[38;2;36;65;89m⠄[38;2;62;68;81m     [38;2;72;131;179m·[38;2;62;68;81m  [38;2;60;109;149m⠄[38;2;62;68;81m [38;2;36;65;89m⠄[38;2;62;68;81m [38;2;24;45;61m⠄[38;2;28;51;70m·[38;2;62;68;81m  [38;2;20;36;50m [38;2;62;68;81m [0m
[48;2;30;33;39m[38;2;62;68;81m      [38;2;12;16;10m·[38;2;62;68;81m [38;2;22;29;18m [38;2;95;121;75m⠁[38;2;50;64;40m·[38;2;133;170;105m◦[38;2;152;195;121m●[38;2;22;28;17m⠁[38;2;62;68;81m    [38;2;20;26;16m·[38;2;62;68;81m    [38;2;27;34;21m [38;2;48;62;38m [38;2;62;68;81m   [38;2;35;44;27m⠁[38;2;62;68;81m    [38;2;23;29;18m [38;2;62;68;81m [38;2;23;30;18m·[38;2;63;81;50m◦[38;2;62;68;81m  [38;2;25;38;37m·[38;2;62;68;81m [38;2;12;27;29m│[38;2;62;68;81m   [38;2;31;56;77m·[38;2;62;68;81m    [38;2;36;65;89m⠄[38;2;17;31;43m·[38;2;62;68;81m [38;2;72;131;179m·[38;2;84;153;209m◦[38;2;62;68;81m    [38;2;72;131;179m·[38;2;62;68;81m [38;2;10;18;25m⠈[38;2;62;68;81m      [38;2;97;175;239m●[38;2;84;153;209m◦[38;2;62;68;81m [38;2;24;43;59m [38;2;62;68;81m   [38;2;15;27;37m⠄[38;2;62;68;81m [38;2;16;28;39m [38;2;62;68;81m  [0m
[48;2;30;33;39m[38;2;62;68;81m [38;2;29;37;23m·[38;2;62;68;81m [38;2;53;68;42m [38;2;62;68;81m [38;2;42;54;33m·[38;2;62;68;81m  [38;2;57;73;45m⠁[38;2;62;68;81m    [38;2;38;48;30m⠁[38;2;28;36;22m⠂[38;2;62;68;81m [38;2;57;73;45m⠁[38;2;62;68;81m [38;2;24;31;19m [38;2;62;68;81m [38;2;20;26;16m·[38;2;62;68;81m [38;2;15;19;12m⠁[38;2;62;68;81m [38;2;52;67;41m·[38;2;62;68;81m  [38;2;23;29;18m⠁[38;2;62;68;81m [38;2;13;17;10m⠁[38;2;62;68;81m [38;2;19;24;15m [38;2;62;68;81m    [38;2;12;27;29m│[38;2;62;68;81m   [38;2;52;81;90m·[38;2;12;27;29m│[38;2;28;51;70m [38;2;62;68;81m     [38;2;8;15;20m·[38;2;31;56;77m [38;2;62;68;81m   [38;2;84;153;209m◦[38;2;97;175;239m●[38;2;9;16;22m·[38;2;62;68;81m [38;2;8;14;20m·[38;2;97;175;239m●[38;2;27;49;66m·[38;2;60;109;149m⠄[38;2;62;68;81m [38;2;30;54;74m [38;2;62;68;81m [38;2;13;23;32m⠄[38;2;24;43;59m⠄[38;2;12;21;29m⠄[38;2;62;68;81m  [38;2;21;39;53m⠈[38;2;62;68;81m     [38;2;17;31;42m·[38;2;62;68;81m   [38;2;17;32;44m⠈[0m
[48;2;30;33;39m[38;2;38;49;30m [38;2;62;68;81m [38;2;50;64;39m [38;2;62;68;81m  [38;2;32;42;26m [38;2;62;68;81m [38;2;19;24;15m⠁[38;2;62;68;81m [38;2;133;170;105m◦[38;2;62;68;81m [38;2;95;121;75m⠁[38;2;118;72;132m○[38;2;49;30;55m·[38;2;62;68;81m [38;2;47;60;37m·[38;2;38;48;30m⠁[38;2;62;68;81m  [38;2;133;170;105m◦[38;2;26;33;20m·[38;2;95;121;75m⠁[38;2;62;68;81m [38;2;36;46;28m [38;2;62;68;81m  [38;2;13;17;10m [38;2;17;22;13m·[38;2;62;68;81m [38;2;14;18;11m [38;2;51;66;41m⠂[38;2;21;27;16m⠁[38;2;62;68;81m   [38;2;41;52;32m⠁[38;2;12;27;29m│[38;2;75;101;74m·[38;2;62;68;81m  [38;2;56;89;98m·[38;2;12;27;29m│[38;2;21;38;52m·[38;2;62;68;81m   [38;2;17;31;43m··[38;2;62;68;81m [38;2;17;31;43m·[38;2;26;47;64m·[38;2;62;68;81m [38;2;60;109;149m⠄[38;2;18;32;44m⠈[38;2;33;60;82m⠈[38;2;10;18;25m⠈[38;2;62;68;81m      [38;2;72;131;179m·[38;2;62;68;81m  [38;2;36;65;89m⠄[38;2;62;68;81m     [38;2;24;43;59m⠈[38;2;62;68;81m        [0m
[48;2;30;33;39m[38;2;21;27;17m·[38;2;36;47;29m⠂[38;2;62;68;81m    [38;2;95;121;75m⠁[38;2;62;68;81m  [38;2;152;195;121m●[38;2;25;32;19m·[38;2;114;146;90m·[38;2;16;20;12m [38;2;76;97;60m⠁[38;2;52;67;41m·[38;2;76;97;60m⠁[38;2;95;121;75m⠁[38;2;62;68;81m  [38;2;152;195;121m●[38;2;62;68;81m [38;2;13;17;10m·[38;2;38;48;30m⠁[38;2;76;97;60m⠁[38;2;62;68;81m [38;2;95;121;75m⠁[38;2;37;47;29m [38;2;62;68;81m [38;2;26;34;21m [38;2;62;68;81m [38;2;23;30;18m [38;2;13;16;10m [38;2;51;66;41m⠁[38;2;62;68;81m  [38;2;45;58;36m [38;2;12;27;29m│[38;2;62;68;81m [38;2;65;92;78m·[38;2;62;68;81m  [38;2;97;175;239m○[38;2;62;68;81m [38;2;8;16;21m⠈[38;2;22;39;54m⠄[38;2;62;68;81m [38;2;25;46;63m·[38;2;62;68;81m    [38;2;21;39;53m [38;2;62;68;81m [38;2;9;16;23m [38;2;62;68;81m  [38;2;48;87;119m⠄[38;2;60;109;149m⠄[38;2;14;26;35m·[38;2;26;47;64m⠄[38;2;62;68;81m [38;2;97;175;239m●[38;2;62;68;81m [38;2;72;131;179m·[38;2;60;109;149m⠄[38;2;19;34;47m [38;2;36;65;89m⠄[38;2;62;68;81m   [38;2;24;44;60m·[38;2;24;43;59m⠄[38;2;12;21;29m⠄[38;2;14;26;36m [38;2;62;68;81m [38;2;13;23;32m [38;2;31;57;78m·[38;2;62;68;81m  [38;2;26;48;65m⠄[0m
[48;2;30;33;39m[38;2;46;59;37m·[38;2;62;68;81m   [38;2;50;64;39m⠁[38;2;23;29;18m⠁[38;2;76;97;60m⠁[38;2;62;68;81m  [38;2;38;49;30m [38;2;30;39;24m [38;2;76;97;60m⠁[38;2;62;68;81m [38;2;51;66;41m·[38;2;57;73;45m⠁[38;2;62;68;81m [38;2;31;40;25m⠂[38;2;33;43;26m⠁[38;2;62;68;81m  [38;2;52;67;42m·[38;2;62;68;81m [38;2;76;97;60m⠁[38;2;57;73;45m⠁[38;2;38;49;30m [38;2;114;146;90m·[38;2;62;68;81m [38;2;152;195;121m●[38;2;13;17;10m⠂[38;2;62;68;81m  [38;2;76;97;60m⠁[38;2;62;68;81m    [38;2;49;63;39m·[38;2;62;68;81m [38;2;86;182;194m◦[38;2;62;68;81m  [38;2;12;27;29m│[38;2;62;68;81m   [38;2;36;65;89m⠄[38;2;62;68;81m [38;2;60;109;149m⠄[38;2;62;68;81m   [38;2;36;65;89m⠄[38;2;48;87;119m⠄[38;2;62;68;81m   [38;2;24;43;59m⠄[38;2;17;31;43m⠄[38;2;48;87;119m⠄[38;2;62;68;81m [38;2;11;20;27m⠄[38;2;19;34;47m [38;2;62;68;81m [38;2;21;39;53m [38;2;11;20;28m⠈[38;2;19;35;48m⠈[38;2;62;68;81m          [38;2;32;59;80m·[38;2;62;68;81m   [0m
[48;2;30;33;39m[38;2;39;51;31m⠂[38;2;62;68;81m  [38;2;76;97;60m⠁[38;2;62;68;81m [38;2;76;97;60m⠁[38;2;62;68;81m [38;2;38;48;30m⠁[38;2;152;195;121m●[38;2;62;68;81m   [38;2;76;97;60m⠁[38;2;62;68;81m [38;2;17;22;13m·[38;2;62;68;81m  [38;2;38;48;30m⠁[38;2;62;68;81m  [38;2;33;42;26m·[38;2;76;97;60m⠁[38;2;36;47;29m·[38;2;62;68;81m   [38;2;114;146;90m·[38;2;62;68;81m   [38;2;50;65;40m [38;2;62;68;81m  [38;2;40;52;32m⠂[38;2;62;68;81m  [38;2;12;27;29m│[38;2;62;68;81m  [38;2;34;51;50m◦[38;2;62;68;81m [38;2;53;90;111m○[38;2;16;28;39m⠈[38;2;29;53;72m [38;2;36;65;89m⠄[38;2;62;68;81m  [38;2;15;28;38m·[38;2;62;68;81m  [38;2;36;65;89m⠄[38;2;48;87;119m⠄[38;2;15;27;36m⠄[38;2;62;68;81m  [38;2;29;53;72m⠄[38;2;62;68;81m  [38;2;12;21;29m⠄[38;2;62;68;81m [38;2;60;109;149m⠄[38;2;62;68;81m  [38;2;24;43;59m⠄[38;2;36;65;89m⠄[38;2;62;68;81m  [38;2;15;27;37m·[38;2;62;68;81m  [38;2;15;27;37m⠈[38;2;17;31;43m⠈[38;2;30;55;76m [38;2;62;68;81m [38;2;32;57;79m⠈[38;2;12;22;31m⠄[38;2;62;68;81m    [0m
[48;2;30;33;39m[38;2;62;68;81m   [38;2;95;121;75m⠁[38;2;114;146;90m·[38;2;19;24;15m⠁[38;2;62;68;81m  [38;2;76;97;60m⠁[38;2;114;146;90m·[38;2;16;20;13m·[38;2;76;97;60m⠁[38;2;62;68;81m   [38;2;95;121;75m⠁[38;2;28;36;22m·[38;2;114;146;90m·[38;2;95;121;75m⠁[38;2;39;50;31m·[38;2;62;68;81m  [38;2;53;68;42m⠂[38;2;62;68;81m  [38;2;32;42;26m·[38;2;62;68;81m [38;2;32;41;25m·[38;2;62;68;81m     [38;2;42;53;33m⠁[38;2;62;68;81m  [38;2;12;27;29m│[38;2;62;68;81m [38;2;63;89;76m◦[38;2;62;68;81m  [38;2;38;65;80m○[38;2;62;68;81m   [38;2;60;109;149m⠄[38;2;62;68;81m  [38;2;11;21;28m⠄[38;2;60;109;149m⠄[38;2;62;68;81m   [38;2;25;45;62m [38;2;62;68;81m [38;2;60;109;149m⠄[38;2;12;22;30m [38;2;62;68;81m   [38;2;48;87;119m⠄[38;2;62;68;81m  [38;2;36;65;89m⠄[38;2;26;47;64m⠈[38;2;62;68;81m   [38;2;18;33;45m⠈[38;2;62;68;81m [38;2;19;35;48m⠈[38;2;62;68;81m   [38;2;25;46;62m [38;2;62;68;81m [38;2;17;31;43m [38;2;62;68;81m   [0m
[48;2;30;33;39m[38;2;27;34;21m⠂[38;2;62;68;81m [38;2;95;121;75m⠁[38;2;20;26;16m [38;2;62;68;81m  [38;2;95;121;75m⠁[38;2;76;97;60m⠁[38;2;47;61;37m·[38;2;62;68;81m  [38;2;57;73;45m⠁[38;2;62;68;81m [38;2;52;67;42m [38;2;133;170;105m◦[38;2;43;55;34m⠂[38;2;152;195;121m●[38;2;133;170;105m◦[38;2;62;68;81m [38;2;95;121;75m⠁[38;2;47;60;37m·[38;2;62;68;81m         [38;2;38;48;30m⠁[38;2;19;24;15m⠁[38;2;27;35;22m·[38;2;62;68;81m   [38;2;12;27;29m│[38;2;152;195;121m○[38;2;62;68;81m [38;2;48;72;70m·[38;2;34;55;60m⠒[38;2;31;52;64m◦[38;2;62;68;81m  [38;2;21;38;52m·[38;2;62;68;81m  [38;2;97;175;239m●[38;2;84;153;209m◦[38;2;62;68;81m    [38;2;97;175;239m●[38;2;84;153;209m◦[38;2;60;109;149m⠄[38;2;62;68;81m [38;2;72;131;179m·[38;2;84;153;209m◦[38;2;97;175;239m●[38;2;62;68;81m   [38;2;48;87;119m⠄[38;2;62;68;81m    [38;2;60;109;149m⠄[38;2;62;68;81m [38;2;36;65;89m⠄[38;2;62;68;81m         [0m
[48;2;30;33;39m[38;2;62;68;81m    [38;2;152;195;121m●[38;2;62;68;81m [38;2;45;58;36m⠂[38;2;18;23;14m [38;2;37;48;30m [38;2;62;68;81m [38;2;57;73;45m⠁[38;2;38;48;30m⠁[38;2;57;73;45m⠁[38;2;62;68;81m [38;2;152;195;121m●[38;2;24;31;19m [38;2;62;68;81m   [38;2;37;48;29m·[38;2;62;68;81m      [38;2;25;32;20m·[38;2;62;68;81m  [38;2;37;47;29m [38;2;62;68;81m   [38;2;38;49;30m⠁[38;2;62;68;81m  [38;2;44;56;35m○[38;2;62;68;81m [38;2;46;66;56m◦[38;2;62;68;81m  [38;2;12;27;29m│[38;2;62;68;81m   [38;2;10;19;25m⠈[38;2;62;68;81m [38;2;84;153;209m◦[38;2;62;68;81m    [38;2;12;21;29m⠄[38;2;62;68;81m  [38;2;72;131;179m·[38;2;62;68;81m [38;2;60;109;149m⠄[38;2;72;131;179m·[38;2;62;68;81m   [38;2;48;87;119m⠄[38;2;62;68;81m [38;2;25;46;63m⠄[38;2;84;153;209m◦[38;2;97;175;239m●[38;2;33;60;82m·[38;2;62;68;81m     [38;2;12;22;30m·[38;2;62;68;81m      [0m
[48;2;30;33;39m[38;2;62;68;81m [38;2;28;37;23m⠂[38;2;62;68;81m  [38;2;20;26;16m⠁[38;2;62;68;81m  [38;2;38;48;30m⠁[38;2;62;68;81m [38;2;95;121;75m⠁[38;2;62;68;81m [38;2;19;24;15m⠁[38;2;38;48;30m⠁[38;2;42;54;33m·[38;2;133;170;105m◦[38;2;62;68;81m [38;2;16;20;12m [38;2;62;68;81m [38;2;21;27;16m·[38;2;57;73;45m⠁[38;2;48;62;38m⠂[38;2;62;68;81m   [38;2;14;19;11m⠂[38;2;20;26;16m [38;2;62;68;81m  [38;2;38;48;30m⠁[38;2;62;68;81m [38;2;51;65;40m⠂[38;2;62;68;81m [38;2;35;45;28m [38;2;62;68;81m   [38;2;12;27;29m│[38;2;68;91;67m○[38;2;62;68;81m   [38;2;52;87;108m·[38;2;62;68;81m [38;2;24;43;59m⠄[38;2;62;68;81m  [38;2;20;36;49m [38;2;60;109;149m⠄⠄[38;2;62;68;81m  [38;2;36;65;89m⠄[38;2;62;68;81m   [38;2;24;43;59m⠄[38;2;62;68;81m     [38;2;9;16;22m [38;2;62;68;81m    [38;2;18;33;45m·[38;2;72;131;179m·[38;2;62;68;81m  [38;2;12;22;30m·[38;2;62;68;81m     [38;2;30;55;75m [38;2;62;68;81m   [0m
[48;2;30;33;39m[38;2;38;48;30m⠁[38;2;47;61;38m⠁[38;2;62;68;81m   [38;2;76;97;60m⠁[38;2;49;63;39m [38;2;114;146;90m·[38;2;37;47;29m⠂[38;2;62;68;81m [38;2;29;37;23m·[38;2;76;97;60m⠁[38;2;31;40;25m·[38;2;62;68;81m [38;2;114;146;90m·[38;2;62;68;81m [38;2;29;38;23m·[38;2;62;68;81m       [38;2;16;20;12m [38;2;34;44;27m·[38;2;62;68;81m [38;2;19;25;15m⠂[38;2;62;68;81m  [38;2;19;24;15m⠁[38;2;62;68;81m [38;2;95;121;75m⠁[38;2;62;68;81m [38;2;57;73;45m⠁[38;2;22;28;17m⠂[38;2;12;27;29m│[38;2;69;93;68m·[38;2;62;68;81m [38;2;86;182;194m○[38;2;62;68;81m [38;2;12;27;29m│[38;2;62;68;81m [38;2;23;42;57m [38;2;62;68;81m    [38;2;33;60;82m·[38;2;62;68;81m [38;2;14;26;36m⠈[38;2;62;68;81m   [38;2;13;24;33m·[38;2;97;175;239m●[38;2;84;153;209m◦[38;2;36;65;89m⠄[38;2;62;68;81m     [38;2;12;21;29m⠄[38;2;62;68;81m    [38;2;48;87;119m⠄[38;2;62;68;81m  [38;2;30;55;75m·[38;2;8;15;21m [38;2;62;68;81m  [38;2;12;23;31m [38;2;62;68;81m   [38;2;13;24;33m⠈[0m
[48;2;30;33;39m[38;2;62;68;81m  [38;2;25;33;20m [38;2;19;25;15m⠁[38;2;62;68;81m [38;2;41;53;33m·[38;2;62;68;81m  [38;2;152;195;121m●[38;2;15;19;12m⠁[38;2;62;68;81m  [38;2;24;30;19m⠁[38;2;32;41;25m⠁[38;2;38;48;30m⠁[38;2;57;73;45m⠁[38;2;76;97;60m⠁[38;2;52;67;42m·[38;2;19;24;15m⠁[38;2;62;68;81m [38;2;40;52;32m·[38;2;19;24;15m⠁[38;2;62;68;81m [38;2;57;73;45m⠁[38;2;62;68;81m [38;2;18;23;14m⠁[38;2;44;57;35m⠁[38;2;62;68;81m [38;2;31;39;24m⠁[38;2;62;68;81m [38;2;42;54;33m⠁[38;2;62;68;81m   [38;2;40;51;32m·[38;2;62;68;81m [38;2;77;99;61m○[38;2;62;68;81m [38;2;29;41;35m⠒[38;2;62;68;81m  [38;2;42;71;87m·[38;2;12;21;29m⠄[38;2;24;43;59m⠄[38;2;62;68;81m  [38;2;60;109;149m⠄[38;2;84;153;209m◦[38;2;97;175;239m●[38;2;24;44;60m·[38;2;62;68;81m  [38;2;18;33;45m [38;2;60;109;149m⠄[38;2;62;68;81m  [38;2;60;109;149m⠄[38;2;62;68;81m [38;2;36;65;89m⠄[38;2;62;68;81m       [38;2;36;65;89m⠄[38;2;62;68;81m [38;2;36;65;89m⠄[38;2;62;68;81m [38;2;12;21;29m⠄[38;2;18;32;44m·[38;2;62;68;81m    [38;2;27;50;68m [38;2;7;14;19m⠄[38;2;62;68;81m [38;2;23;43;58m⠄[0m
[48;2;30;33;39m[38;2;49;63;39m·[38;2;62;68;81m  [38;2;13;17;10m [38;2;152;195;121m●[38;2;62;68;81m  [38;2;95;121;75m⠁[38;2;62;68;81m [38;2;114;146;90m·[38;2;95;121;75m⠁[38;2;48;62;38m·[38;2;22;28;17m·[38;2;62;68;81m          [38;2;13;17;10m·[38;2;62;68;81m       [38;2;152;195;121m●[38;2;45;58;36m⠁[38;2;62;68;81m [38;2;95;121;75m⠁[38;2;16;20;12m·[38;2;12;27;29m│[38;2;35;47;35m·[38;2;62;68;81m   [38;2;12;27;29m│[38;2;24;43;59m⠄[38;2;17;31;42m·[38;2;62;68;81m   [38;2;18;33;46m [38;2;84;153;209m◦[38;2;72;131;179m·[38;2;62;68;81m [38;2;48;87;119m⠄[38;2;36;65;89m⠄[38;2;24;43;59m⠄[38;2;62;68;81m [38;2;9;17;23m·[38;2;12;21;29m⠄[38;2;11;20;28m⠄[38;2;36;65;89m⠄[38;2;48;87;119m⠄[38;2;62;68;81m [38;2;12;21;29m⠄[38;2;31;57;77m·[38;2;62;68;81m    [38;2;36;65;89m⠄[38;2;24;43;59m⠄[38;2;62;68;81m [38;2;9;16;22m [38;2;62;68;81m   [38;2;33;60;82m⠄[38;2;62;68;81m     [0m
[48;2;30;33;39m[38;2;44;57;35m [38;2;41;53;33m⠁[38;2;45;58;36m⠂[38;2;62;68;81m [38;2;38;48;30m⠁[38;2;62;68;81m [38;2;95;121;75m⠁[38;2;62;68;81m    [38;2;95;121;75m⠁[38;2;62;68;81m   [38;2;29;38;23m⠂[38;2;114;146;90m·[38;2;51;66;40m·[38;2;62;68;81m [38;2;16;20;12m [38;2;76;97;60m⠁[38;2;21;28;17m⠁[38;2;62;68;81m [38;2;95;121;75m⠁[38;2;114;146;90m·[38;2;22;28;17m⠁[38;2;152;195;121m●[38;2;62;68;81m [38;2;76;97;60m⠁[38;2;23;30;18m·[38;2;114;146;90m·[38;2;62;68;81m    [38;2;33;42;26m·[38;2;12;27;29m│[38;2;29;39;29m○[38;2;224;108;117m◦[38;2;62;68;81m [38;2;37;59;65m⠒[38;2;12;27;29m│[38;2;62;68;81m [38;2;15;27;37m·[38;2;62;68;81m [38;2;72;131;179m·[38;2;48;87;119m⠄[38;2;62;68;81m   [38;2;36;65;89m⠄[38;2;24;43;59m⠄[38;2;33;61;83m [38;2;24;43;59m [38;2;62;68;81m [38;2;72;131;179m·[38;2;62;68;81m [38;2;36;65;89m⠄[38;2;24;43;59m⠄[38;2;62;68;81m [38;2;32;59;80m·[38;2;60;109;149m⠄[38;2;62;68;81m [38;2;97;175;239m●[38;2;33;60;83m·[38;2;62;68;81m [38;2;60;109;149m⠄[38;2;62;68;81m      [38;2;21;39;54m [38;2;62;68;81m      [0m
[48;2;30;33;39m[38;2;40;51;31m·[38;2;62;68;81m   [38;2;34;44;27m·[38;2;62;68;81m [38;2;95;121;75m⠁[38;2;62;68;81m [38;2;22;28;17m·[38;2;152;195;121m●[38;2;44;57;35m [38;2;62;68;81m [38;2;57;73;45m⠁[38;2;76;97;60m⠁[38;2;95;121;75m⠁[38;2;62;68;81m [38;2;26;34;21m⠁[38;2;152;195;121m●[38;2;62;68;81m [38;2;43;56;34m [38;2;62;68;81m  [38;2;28;36;22m·[38;2;76;97;60m⠁[38;2;38;49;30m [38;2;62;68;81m    [38;2;76;97;60m⠁[38;2;95;121;75m⠁[38;2;33;43;26m [38;2;62;68;81m    [38;2;33;42;26m⠒[38;2;62;68;81m  [38;2;198;120;221m●[38;2;62;68;81m [38;2;39;65;80m⠒[38;2;62;68;81m  [38;2;97;175;239m●[38;2;84;153;209m◦[38;2;97;175;239m●[38;2;62;68;81m     [38;2;12;21;29m⠄[38;2;17;32;44m·[38;2;62;68;81m  [38;2;97;175;239m●[38;2;62;68;81m [38;2;60;109;149m⠄[38;2;62;68;81m [38;2;22;40;55m·[38;2;15;28;39m⠄[38;2;62;68;81m [38;2;18;32;44m⠄[38;2;30;54;74m [38;2;24;43;59m⠄[38;2;62;68;81m  [38;2;20;36;49m [38;2;62;68;81m [38;2;28;51;70m⠄[38;2;62;68;81m [38;2;25;45;62m·[38;2;26;47;64m·[38;2;62;68;81m   [38;2;27;49;68m⠄[38;2;62;68;81m  [0m
[48;2;30;33;39m[38;2;62;68;81m    [38;2;38;48;30m⠁[38;2;76;97;60m⠁[38;2;62;68;81m [38;2;38;48;30m⠁[38;2;28;37;23m [38;2;62;68;81m [38;2;12;16;10m⠂[38;2;95;121;75m⠁[38;2;38;48;30m⠁[38;2;42;55;34m⠁[38;2;14;18;11m⠂[38;2;29;37;23m⠂[38;2;62;68;81m  [38;2;22;29;18m⠂[38;2;62;68;81m [38;2;19;24;15m·⠁[38;2;62;68;81m  [38;2;31;40;25m·[38;2;32;41;25m [38;2;62;68;81m [38;2;57;73;45m⠁[38;2;62;68;81m [38;2;19;24;15m⠁[38;2;76;97;60m⠁[38;2;95;121;75m⠁[38;2;62;68;81m [38;2;25;32;20m [38;2;62;68;81m [38;2;57;73;45m⠁[38;2;12;27;29m│[38;2;76;102;75m·[38;2;62;68;81m [38;2;57;86;83m○[38;2;26;41;45m⠒[38;2;26;45;55m·[38;2;60;109;149m⠄[38;2;62;68;81m  [38;2;72;131;179m·[38;2;62;68;81m [38;2;48;87;119m⠄[38;2;25;45;62m⠈[38;2;62;68;81m [38;2;30;54;74m·[38;2;24;43;59m⠄[38;2;62;68;81m [38;2;17;31;42m·[38;2;62;68;81m  [38;2;21;38;52m·[38;2;8;15;20m [38;2;62;68;81m  [38;2;97;175;239m●[38;2;62;68;81m  [38;2;72;131;179m·[38;2;62;68;81m  [38;2;22;40;54m·[38;2;8;14;20m·[38;2;12;21;29m⠄[38;2;12;22;30m [38;2;62;68;81m    [38;2;30;54;74m⠄[38;2;62;68;81m  [38;2;26;48;66m⠄[38;2;62;68;81m  [0m
[48;2;30;33;39m[38;2;38;48;30m⠁[38;2;62;68;81m      [38;2;38;48;30m⠁[38;2;57;73;45m⠁[38;2;114;146;90m·[38;2;62;68;81m     [38;2;20;26;16m·[38;2;62;68;81m         [38;2;76;97;60m⠁[38;2;62;68;81m [38;2;31;40;25m⠂[38;2;62;68;81m  [38;2;46;60;37m [38;2;152;195;121m●[38;2;62;68;81m    [38;2;12;27;29m│[38;2;62;68;81m  [38;2;55;82;80m○[38;2;86;182;194m◦[38;2;12;27;29m│[38;2;62;68;81m [38;2;19;35;48m [38;2;62;68;81m [38;2;60;109;149m⠄[38;2;62;68;81m  [38;2;48;87;119m⠄[38;2;36;65;89m⠄[38;2;62;68;81m [38;2;12;21;29m⠄[38;2;62;68;81m [38;2;36;65;89m⠄[38;2;72;131;179m·[38;2;60;109;149m⠄[38;2;72;131;179m·[38;2;36;65;89m⠄[38;2;48;87;119m⠄[38;2;12;21;29m⠄[38;2;62;68;81m [38;2;7;14;19m·[38;2;62;68;81m [38;2;29;53;72m·[38;2;10;18;25m [38;2;62;68;81m    [38;2;72;131;179m·[38;2;62;68;81m          [0m
[48;2;30;33;39m[38;2;62;68;81m   [38;2;114;146;90m·[38;2;62;68;81m   [38;2;36;46;28m·[38;2;14;18;11m⠁[38;2;62;68;81m [38;2;76;97;60m⠁[38;2;133;170;105m◦[38;2;18;23;14m⠁[38;2;62;68;81m   [38;2;52;66;41m·[38;2;62;68;81m  [38;2;49;63;39m [38;2;62;68;81m    [38;2;24;31;19m·[38;2;62;68;81m [38;2;38;48;30m⠁[38;2;57;73;45m⠁[38;2;62;68;81m [38;2;48;62;38m⠁[38;2;25;32;20m [38;2;62;68;81m [38;2;21;27;17m⠂[38;2;50;65;40m⠂[38;2;25;33;20m⠂[38;2;95;121;75m⠁[38;2;12;27;29m│[38;2;62;68;81m  [38;2;63;94;91m·[38;2;62;68;81m [38;2;12;27;29m│[38;2;62;68;81m   [38;2;14;26;36m⠄[38;2;22;40;55m·[38;2;23;42;57m·[38;2;60;109;149m⠄[38;2;62;68;81m  [38;2;8;15;21m·[38;2;62;68;81m [38;2;25;46;64m·[38;2;36;65;89m⠄[38;2;24;44;60m·[38;2;62;68;81m  [38;2;48;87;119m⠄[38;2;31;57;78m⠈[38;2;72;131;179m·[38;2;160;134;86m⠒[38;2;68;57;36m·[38;2;21;38;52m·[38;2;62;68;81m   [38;2;12;23;31m⠈[38;2;13;24;33m·[38;2;9;16;22m⠈[38;2;62;68;81m     [38;2;19;34;47m [38;2;33;60;83m [38;2;62;68;81m [38;2;16;29;39m⠄[38;2;62;68;81m [0m
[48;2;30;33;39m[38;2;52;67;41m·[38;2;62;68;81m   [38;2;42;54;33m⠁[38;2;62;68;81m  [38;2;52;66;41m [38;2;26;33;20m⠂[38;2;47;61;37m [38;2;62;68;81m [38;2;152;195;121m●[38;2;133;170;105m◦[38;2;50;64;40m⠂[38;2;62;68;81m [38;2;26;34;21m·[38;2;45;58;36m [38;2;62;68;81m [38;2;46;59;36m·[38;2;62;68;81m    [38;2;24;32;19m⠁[38;2;62;68;81m  [38;2;27;35;21m [38;2;62;68;81m [38;2;19;25;15m·[38;2;76;97;60m⠁[38;2;95;121;75m⠁[38;2;62;68;81m  [38;2;152;195;121m●[38;2;17;22;13m [38;2;62;68;81m [38;2;12;27;29m│[38;2;62;68;81m [38;2;53;74;63m·[38;2;62;68;81m  [38;2;40;68;83m◦[38;2;8;16;21m [38;2;62;68;81m [38;2;24;44;60m·[38;2;62;68;81m [38;2;72;131;179m·[38;2;62;68;81m  [38;2;19;35;48m [38;2;48;87;119m⠄[38;2;62;68;81m  [38;2;12;22;30m⠈[38;2;97;175;239m●[38;2;62;68;81m  [38;2;27;49;67m [38;2;62;68;81m    [38;2;36;65;89m⠄[38;2;12;22;31m⠄[38;2;12;21;29m⠄[38;2;48;87;119m⠄[38;2;62;68;81m [38;2;72;131;179m·[38;2;62;68;81m [38;2;97;175;239m●[38;2;62;68;81m     [38;2;32;59;81m⠈[38;2;62;68;81m  [38;2;33;60;82m·[38;2;62;68;81m [0m
[48;2;30;33;39m[38;2;95;121;75m⠁[38;2;62;68;81m [38;2;15;19;12m⠂[38;2;152;195;121m●[38;2;62;68;81m [38;2;17;22;13m [38;2;62;68;81m   [38;2;24;31;19m [38;2;62;68;81m [38;2;38;48;30m·[38;2;31;40;24m·[38;2;49;63;39m⠂[38;2;76;97;60m⠁[38;2;57;73;45m⠁[38;2;62;68;81m   [38;2;12;16;10m·[38;2;44;56;35m⠁[38;2;62;68;81m     [38;2;15;19;12m⠁[38;2;62;68;81m  [38;2;13;17;10m⠂[38;2;62;68;81m  [38;2;76;97;60m⠁[38;2;62;68;81m [38;2;114;146;90m·[38;2;62;68;81m [38;2;76;98;60m·[38;2;62;68;81m  [38;2;66;99;96m⠒[38;2;62;68;81m [38;2;12;27;29m│[38;2;13;24;33m⠄[38;2;62;68;81m [38;2;60;109;149m⠄[38;2;62;68;81m  [38;2;97;175;239m●[38;2;84;153;209m◦[38;2;62;68;81m  [38;2;48;87;119m⠄[38;2;60;109;149m⠄[38;2;62;68;81m     [38;2;27;50;68m·[38;2;30;55;76m⠄[38;2;62;68;81m     [38;2;36;65;89m⠄[38;2;62;68;81m [38;2;60;109;149m⠄[38;2;62;68;81m  [38;2;29;53;73m⠄[38;2;62;68;81m      [38;2;8;15;21m [38;2;62;68;81m  [0m
[48;2;30;33;39m[38;2;62;68;81m [38;2;95;121;75m⠁[38;2;62;68;81m  [38;2;46;59;37m·[38;2;62;68;81m    [38;2;22;28;17m·[38;2;48;62;38m⠁[38;2;114;146;90m·[38;2;62;68;81m [38;2;45;58;36m·[38;2;57;73;45m⠁[38;2;62;68;81m [38;2;32;42;26m [38;2;23;29;18m⠁[38;2;44;56;35m·[38;2;62;68;81m       [38;2;19;25;15m [38;2;24;31;19m·[38;2;62;68;81m        [38;2;46;59;37m·[38;2;62;68;81m    [38;2;12;27;29m│[38;2;62;68;81m          [38;2;48;87;119m⠄[38;2;62;68;81m [38;2;29;52;71m⠈[38;2;60;109;149m⠄[38;2;30;55;76m [38;2;62;68;81m [38;2;24;43;59m⠄[38;2;62;68;81m [38;2;9;17;23m [38;2;62;68;81m  [38;2;21;39;53m⠈[38;2;62;68;81m  [38;2;25;45;61m⠄[38;2;62;68;81m [38;2;60;109;149m⠄[38;2;72;131;179m·[38;2;62;68;81m [38;2;48;87;119m⠄[38;2;62;68;81m    [38;2;9;17;24m·[38;2;9;16;23m [38;2;62;68;81m  [0m
