# session: 002
# title: The Event Horizon
# cols: 88
# rows: 24
# fontsize: 13
# date: 2026-02-19
# script: experiments/memetic_territories.py --initial-walkers 36 --seed 7 --events

[38;2;119;153;95m▓[38;2;134;172;106m█[38;2;148;190;118m▓[38;2;130;167;103m▓[38;2;134;173;107m▓[38;2;118;152;94m▓[38;2;136;174;108m▓[38;2;129;165;102m▓[38;2;146;188;116m█[38;2;134;172;107m█[38;2;139;179;111m▓[38;2;138;177;110m█[38;2;141;180;112m▓[38;2;132;170;105m▒[38;2;131;168;104m▒[38;2;123;158;98m▓[38;2;123;158;98m█[38;2;147;188;117m▒[38;2;151;194;120m▓[38;2;120;154;95m█[38;2;132;170;105m▓[38;2;116;150;93m█[38;2;127;163;101m▒[38;2;131;168;104m▓[38;2;132;169;105m▓[38;2;140;180;111m▒[38;2;128;165;102m█[38;2;131;168;104m▓[38;2;132;170;105m▓[38;2;118;152;94m▓[38;2;148;190;118m▒[38;2;131;168;104m█[38;2;145;186;115m█[38;2;151;194;120m▒[38;2;40;58;36m·[38;2;120;154;96m▓[38;2;50;64;40m [38;2;16;22;14m·[38;2;115;96;62m░[38;2;155;130;83m▒[38;2;48;62;39m▒[38;2;18;37;54m·[38;2;36;78;83m░[38;2;31;57;81m▒[38;2;31;40;25m [38;2;72;93;58m [38;2;36;67;95m░[38;2;33;46;30m·[38;2;30;61;88m·[38;2;18;25;16m▒[38;2;31;67;71m▒[38;2;73;132;180m█[38;2;85;155;211m▓[38;2;79;144;197m▓[38;2;79;142;194m█[38;2;81;146;200m▓[38;2;91;165;225m█[38;2;87;158;215m▓[38;2;92;167;228m▓[38;2;84;152;208m▓[38;2;91;165;226m▒[38;2;89;161;220m█[38;2;95;172;235m█[38;2;81;147;201m▓[38;2;84;151;207m█[38;2;87;158;216m▓[38;2;88;159;218m▓[38;2;75;136;186m▒[38;2;90;164;224m▒[38;2;83;150;205m█[38;2;95;172;235m▒[38;2;90;163;223m▓[38;2;76;138;189m▓[38;2;87;157;214m▒[38;2;76;137;187m▒[38;2;81;146;200m▓[38;2;92;166;227m▓[38;2;95;172;235m▒[38;2;77;139;190m▓[38;2;77;140;191m▓[38;2;80;145;198m▒[38;2;74;133;182m█[38;2;88;160;218m▒[38;2;94;169;231m▓[38;2;85;154;210m▓[38;2;91;165;225m▓[38;2;76;137;188m▓[38;2;90;162;222m▓[0m
[38;2;133;171;106m▒[38;2;197;95;102m×[38;2;115;55;60m×[38;2;135;173;107m▓[38;2;171;82;89m×[38;2;146;70;76m·[38;2;202;97;105m▪[38;2;131;168;104m▒[38;2;120;58;63m·[38;2;122;156;97m█[38;2;119;153;95m█[38;2;208;100;108m×[38;2;150;192;119m▒[38;2;120;154;95m▓[38;2;130;167;103m▒[38;2;121;155;96m█[38;2;127;164;101m█[38;2;130;167;104m▓[38;2;133;171;106m█[38;2;116;149;92m▓[38;2;117;151;93m█[38;2;148;190;118m▓[38;2;118;152;94m▒[38;2;139;179;111m█[38;2;134;172;106m▒[38;2;117;150;93m▓[38;2;120;155;96m▓[38;2;114;147;91m▓[38;2;117;150;93m▓[38;2;146;188;116m▒[38;2;151;194;120m▒[38;2;124;159;98m▓[38;2;140;180;112m▓[38;2;40;58;36m·[38;2;120;155;96m█[38;2;134;172;106m▓[38;2;126;106;67m·[38;2;74;96;60m▒[38;2;41;86;92m░[38;2;46;85;121m▒[38;2;38;80;86m·[38;2;30;60;87m·[38;2;28;51;73m▒[38;2;30;55;78m·[38;2;44;88;127m░[38;2;50;106;113m·[38;2;30;39;25m·[38;2;70;128;181m▒[38;2;39;71;101m▒[38;2;25;47;67m▒[38;2;44;61;39m [38;2;73;132;181m█[38;2;77;139;190m█[38;2;84;152;207m▓[38;2;91;165;225m▓[38;2;74;135;184m▒[38;2;82;148;202m█[38;2;78;141;193m▓[38;2;90;162;222m▒[38;2;90;162;222m▒[38;2;90;162;222m▓[38;2;93;167;229m▒[38;2;92;166;227m▓[38;2;91;164;224m▓[38;2;86;156;214m▓[38;2;73;133;181m█[38;2;81;147;201m▒[38;2;87;158;216m▓[38;2;72;131;179m▓[38;2;84;153;209m▓[38;2;74;134;183m▒[38;2;74;134;183m█[38;2;91;164;224m▓[38;2;96;173;237m▒[38;2;74;134;183m█[38;2;87;158;216m▓[38;2;76;137;188m█[38;2;89;161;220m▓[38;2;74;133;182m█[38;2;75;135;185m▓[38;2;79;143;196m█[38;2;84;151;207m▓[38;2;86;155;212m█[38;2;95;172;235m▓[38;2;74;134;183m▒[38;2;82;148;202m▓[38;2;74;135;184m█[38;2;75;137;187m█[0m
[38;2;140;180;112m▓[38;2;131;63;68m·[38;2;170;81;88m·[38;2;134;64;70m×[38;2;191;92;99m×[38;2;191;92;99m▪[38;2;174;84;91m×[38;2;128;164;102m▒[38;2;126;61;66m×[38;2;193;93;100m▪[38;2;190;91;99m×[38;2;111;53;58m×[38;2;133;171;106m▓[38;2;143;184;114m▒[38;2;144;185;115m▒[38;2;149;192;119m▓[38;2;115;148;92m▒[38;2;142;182;113m█[38;2;148;190;118m▓[38;2;129;166;103m█[38;2;142;182;113m█[38;2;123;157;97m▒[38;2;128;165;102m▓[38;2;116;149;93m▒[38;2;131;168;104m█[38;2;131;168;104m▓[38;2;123;158;98m▓[38;2;117;150;93m▓[38;2;144;185;115m▓[38;2;142;182;113m▒[38;2;142;182;113m▓[38;2;126;162;100m▓[38;2;135;174;108m█[38;2;133;170;105m▓[38;2;148;189;117m▒[38;2;130;167;104m█[38;2;64;90;58m░[38;2;47;60;38m·[38;2;116;149;92m▒[38;2;118;151;94m▓[38;2;25;54;58m▒[38;2;12;25;36m▒[38;2;24;45;64m▒[38;2;43;61;39m▒[38;2;38;81;86m▒[38;2;31;43;28m [38;2;22;31;20m [38;2;88;74;47m·[38;2;34;48;31m░[38;2;34;63;89m▒[38;2;80;144;197m▓[38;2;94;169;232m▒[38;2;78;141;192m▒[38;2;44;88;127m░[38;2;73;132;181m█[38;2;81;147;200m▒[38;2;92;166;226m▓[38;2;96;173;237m█[38;2;77;139;190m▒[38;2;91;164;224m█[38;2;87;158;216m▓[38;2;84;152;208m▓[38;2;76;137;187m▒[38;2;73;132;180m▓[38;2;89;162;221m▓[38;2;94;170;232m█[38;2;96;174;238m▓[38;2;77;139;190m▒[38;2;88;160;218m▒[38;2;96;174;238m▒[38;2;72;131;179m█[38;2;82;149;204m▓[38;2;91;164;224m▒[38;2;92;167;228m▒[38;2;89;162;221m▓[38;2;95;171;234m▓[38;2;90;163;223m▒[38;2;82;149;203m▒[38;2;73;132;181m▓[38;2;74;133;182m▓[38;2;94;170;232m█[38;2;80;145;199m▓[38;2;90;162;222m█[38;2;79;144;197m▓[38;2;78;141;193m▒[38;2;84;151;207m▒[38;2;94;171;233m▒[38;2;84;152;208m▓[0m
[38;2;142;182;113m▓[38;2;126;161;100m█[38;2;133;171;106m▒[38;2;116;149;92m▓[38;2;120;154;95m▒[38;2;124;159;98m▓[38;2;145;70;75m·[38;2;122;157;97m▒[38;2;122;157;97m▓[38;2;124;159;99m█[38;2;121;155;96m▓[38;2;99;47;51m×[38;2;135;174;108m█[38;2;123;158;98m▓[38;2;122;157;97m▓[38;2;151;194;120m▓[38;2;147;189;117m▓[38;2;148;190;118m▓[38;2;122;157;97m▓[38;2;150;193;120m▓[38;2;128;164;102m▓[38;2;123;158;98m▓[38;2;136;175;108m█[38;2;128;164;101m▓[38;2;151;194;120m▓[38;2;138;178;110m▓[38;2;145;186;115m▒[38;2;121;155;96m█[38;2;115;147;91m▒[38;2;116;149;92m▓[38;2;139;178;110m▓[38;2;117;150;93m▓[38;2;124;159;98m█[38;2;129;166;103m▓[38;2;135;173;107m█[38;2;114;147;91m█[38;2;25;50;73m░[38;2;119;153;95m▓[38;2;147;189;117m▒[38;2;17;32;46m [38;2;12;25;36m [38;2;107;138;87m▒[38;2;24;33;21m [38;2;31;41;26m·[38;2;27;49;69m▒[38;2;74;133;182m▒[38;2;45;96;102m░[38;2;37;67;95m [38;2;44;88;127m░[38;2;18;34;48m [38;2;19;27;17m░[38;2;28;55;80m·[38;2;77;139;190m▓[38;2;80;145;198m▒[38;2;86;155;212m█[38;2;80;144;197m▓[38;2;88;160;218m▒[38;2;77;139;189m▓[38;2;84;152;208m▓[38;2;87;158;216m▒[38;2;92;166;227m▒[38;2;75;136;186m▒[38;2;92;166;227m▓[38;2;75;136;187m█[38;2;85;153;209m▓[38;2;94;170;232m▓[38;2;74;134;183m▓[38;2;96;174;237m▒[38;2;92;166;227m▓[38;2;90;162;222m▓[38;2;81;146;200m█[38;2;94;170;232m█[38;2;83;151;206m█[38;2;95;171;234m▓[38;2;87;158;216m▓[38;2;73;132;181m▓[38;2;88;159;217m█[38;2;94;170;232m▓[38;2;79;142;195m▓[38;2;81;146;200m▒[38;2;86;156;213m▓[38;2;85;154;211m▒[38;2;81;147;201m▒[38;2;86;156;213m█[38;2;74;134;184m▓[38;2;90;163;223m▓[38;2;85;153;210m█[38;2;96;174;238m█[0m
[38;2;142;182;113m▓[38;2;134;64;70m·[38;2;132;170;105m▓[38;2;154;74;80m×[38;2;150;72;78m▪[38;2;119;152;94m█[38;2;119;152;94m▓[38;2;116;149;92m▓[38;2;129;165;102m█[38;2;145;186;115m█[38;2;136;175;108m▒[38;2;115;148;92m▓[38;2;123;157;97m▓[38;2;117;151;93m▓[38;2;121;155;96m▒[38;2;120;154;96m█[38;2;137;176;109m▒[38;2;114;146;90m▒[38;2;131;168;104m▒[38;2;151;194;120m█[38;2;115;148;91m█[38;2;149;191;118m█[38;2;124;159;98m▒[38;2;148;190;118m█[38;2;149;191;118m▓[38;2;133;170;106m▓[38;2;122;157;97m▓[38;2;142;182;113m█[38;2;128;165;102m▓[38;2;146;187;116m▒[38;2;134;172;106m▓[38;2;130;167;103m▓[38;2;125;161;100m▓[38;2;136;174;108m▓[38;2;115;147;91m▓[38;2;120;154;95m▓[38;2;28;37;23m▒[38;2;60;77;49m▒[38;2;135;113;72m░[38;2;64;90;58m░[38;2;146;188;117m▒[38;2;23;43;61m▒[38;2;24;52;56m▒[38;2;12;25;37m▒[38;2;70;128;181m▒[38;2;28;39;25m▒[38;2;17;24;15m·[38;2;70;128;181m▒[38;2;27;55;80m [38;2;11;23;33m [38;2;89;162;221m▓[38;2;92;167;228m█[38;2;72;131;179m▓[38;2;90;164;224m▓[38;2;84;152;208m▒[38;2;92;167;228m▒[38;2;95;173;236m█[38;2;76;138;188m▓[38;2;78;141;193m▓[38;2;88;159;217m▓[38;2;96;174;238m▓[38;2;81;146;200m▒[38;2;94;170;232m▓[38;2;88;159;217m█[38;2;79;142;194m▓[38;2;94;169;232m▓[38;2;75;136;186m▓[38;2;80;145;198m▓[38;2;83;150;206m█[38;2;83;150;205m█[38;2;75;136;186m▒[38;2;89;161;220m▓[38;2;91;164;224m▓[38;2;96;173;237m█[38;2;81;146;200m▓[38;2;77;139;190m▓[38;2;88;160;218m▓[38;2;96;174;238m█[38;2;83;150;205m▓[38;2;94;171;233m█[38;2;82;148;202m▓[38;2;93;168;230m▒[38;2;84;153;209m█[38;2;76;137;187m▒[38;2;78;141;193m▒[38;2;86;156;214m▒[38;2;88;160;219m▓[38;2;88;159;217m▒[0m
[38;2;123;158;98m▓[38;2;129;165;102m▓[38;2;131;168;104m▒[38;2;147;188;117m█[38;2;132;170;105m▓[38;2;100;48;52m×[38;2;133;171;106m▓[38;2;121;156;96m▒[38;2;145;186;115m█[38;2;121;156;97m▓[38;2;118;152;94m█[38;2;128;164;102m▓[38;2;129;166;103m▒[38;2;139;179;111m█[38;2;125;161;99m▒[38;2;134;171;106m▓[38;2;150;193;119m▒[38;2;118;152;94m▓[38;2;138;177;109m▒[38;2;141;181;112m▓[38;2;138;177;110m▒[38;2;125;160;99m▓[38;2;131;169;104m▓[38;2;128;164;102m█[38;2;139;179;111m▒[38;2;141;181;112m█[38;2;138;178;110m█[38;2;130;167;103m▓[38;2;127;163;101m█[38;2;116;149;92m█[38;2;119;153;94m█[38;2;114;146;91m▓[38;2;116;149;92m█[38;2;117;151;93m▓[38;2;64;90;58m░[38;2;131;168;104m▓[38;2;129;165;102m▓[38;2;140;179;111m▓[38;2;138;116;74m·[38;2;29;62;67m▒[38;2;147;189;117m▓[38;2;43;79;112m·[38;2;50;64;40m░[38;2;33;60;85m [38;2;21;46;49m·[38;2;108;90;58m·[38;2;82;149;204m▓[38;2;34;48;31m▒[38;2;59;76;48m·[38;2;44;88;127m░[38;2;84;152;208m▓[38;2;90;162;222m▓[38;2;93;168;230m█[38;2;91;165;225m▓[38;2;81;146;199m█[38;2;92;167;228m█[38;2;84;152;208m█[38;2;79;143;195m█[38;2;88;159;218m▓[38;2;80;145;198m█[38;2;96;173;237m▓[38;2;73;133;181m▒[38;2;73;133;182m█[38;2;73;133;182m▒[38;2;88;160;218m▒[38;2;87;158;216m▓[38;2;88;160;219m▒[38;2;76;138;189m▓[38;2;82;149;204m▓[38;2;88;159;218m█[38;2;76;137;187m█[38;2;79;142;194m█[38;2;73;132;181m▓[38;2;88;159;217m▓[38;2;85;154;210m▓[38;2;82;149;204m▒[38;2;73;131;180m▒[38;2;96;174;238m▓[38;2;82;149;203m▓[38;2;84;151;207m▓[38;2;83;149;204m▓[38;2;75;136;186m▓[38;2;75;136;186m▒[38;2;90;162;222m▓[38;2;90;163;223m▓[38;2;90;163;223m▓[38;2;74;134;184m▒[38;2;95;172;234m█[0m
[38;2;116;148;92m▓[38;2;114;146;91m▓[38;2;125;161;100m▓[38;2;145;186;116m▓[38;2;150;192;119m▒[38;2;120;154;95m▓[38;2;138;177;110m▒[38;2;143;184;114m▒[38;2;143;184;114m█[38;2;116;149;92m█[38;2;141;181;112m▓[38;2;136;175;108m█[38;2;151;193;120m▓[38;2;140;179;111m▓[38;2;124;160;99m▓[38;2;124;159;98m▓[38;2;145;186;115m▓[38;2;119;153;95m▓[38;2;146;187;116m▒[38;2;117;150;93m▒[38;2;121;156;96m▓[38;2;116;149;92m▒[38;2;121;156;96m█[38;2;114;146;91m▒[38;2;117;150;93m█[38;2;122;157;97m█[38;2;133;171;106m▒[38;2;121;156;96m▓[38;2;120;155;96m█[38;2;135;173;107m▒[38;2;146;188;116m▓[38;2;151;194;120m█[38;2;128;164;101m▒[38;2;119;153;95m▓[38;2;133;171;106m▓[38;2;121;156;96m▒[38;2;122;156;97m█[38;2;149;192;119m▓[38;2;43;55;35m░[38;2;29;37;23m [38;2;39;83;88m▒[38;2;107;138;87m▒[38;2;107;138;87m▒[38;2;32;45;29m▒[38;2;41;86;92m░[38;2;29;53;75m░[38;2;73;132;181m█[38;2;86;155;212m▓[38;2;91;165;226m▒[38;2;76;137;187m▓[38;2;28;55;80m·[38;2;79;144;197m▒[38;2;75;135;185m█[38;2;82;148;202m█[38;2;76;138;189m▓[38;2;94;171;233m▓[38;2;94;171;233m▓[38;2;92;167;229m▓[38;2;93;169;231m▓[38;2;95;173;236m▒[38;2;87;158;216m▒[38;2;80;145;198m▓[38;2;87;158;216m▓[38;2;90;163;223m▓[38;2;86;155;212m▓[38;2;76;137;188m▒[38;2;76;138;188m█[38;2;79;144;196m▓[38;2;75;136;185m▒[38;2;75;136;186m▓[38;2;91;165;226m▓[38;2;93;167;229m▓[38;2;77;140;191m█[38;2;79;142;194m▓[38;2;75;135;185m█[38;2;76;138;188m█[38;2;88;159;217m▒[38;2;81;146;199m▓[38;2;91;165;226m█[38;2;83;150;205m▒[38;2;86;156;213m▓[38;2;85;154;210m▓[38;2;77;139;191m▓[38;2;94;170;232m▒[38;2;77;138;189m▓[38;2;89;162;221m▓[38;2;77;140;191m▓[38;2;85;153;210m▓[0m
[38;2;127;163;101m█[38;2;146;188;116m▒[38;2;129;166;103m▒[38;2;139;178;110m▓[38;2;145;186;115m█[38;2;140;180;111m▓[38;2;149;191;118m▓[38;2;141;181;112m█[38;2;146;188;117m▓[38;2;118;151;94m▒[38;2;114;147;91m▓[38;2;150;193;120m▓[38;2;120;154;95m█[38;2;145;186;115m▓[38;2;149;191;118m▓[38;2;145;187;116m▒[38;2;140;180;112m▓[38;2;117;150;93m▓[38;2;118;152;94m▒[38;2;142;183;113m▓[38;2;129;166;103m▓[38;2;122;157;97m▓[38;2;135;174;108m▒[38;2;145;186;115m▒[38;2;136;175;108m▓[38;2;149;192;119m█[38;2;123;157;98m█[38;2;146;187;116m█[38;2;146;187;116m▓[38;2;119;153;95m█[38;2;130;166;103m▓[38;2;134;172;106m▓[38;2;121;156;96m▓[38;2;129;166;103m▒[38;2;149;191;119m▓[38;2;64;90;58m░[38;2;64;90;58m░[38;2;64;90;58m░[38;2;45;96;102m▒[38;2;42;89;95m▒[38;2;19;27;17m▒[38;2;40;52;33m·[38;2;21;38;55m [38;2;44;88;127m░[38;2;87;157;214m▓[38;2;70;59;38m·[38;2;70;128;181m▒[38;2;24;52;56m [38;2;23;46;66m [38;2;82;148;202m█[38;2;86;155;211m▒[38;2;80;144;197m▓[38;2;77;139;190m▒[38;2;28;55;80m·[38;2;95;171;234m▓[38;2;78;141;193m█[38;2;79;143;196m▓[38;2;91;165;225m▓[38;2;87;157;215m█[38;2;74;133;182m▒[38;2;81;146;200m▓[38;2;96;174;238m▓[38;2;88;160;219m▓[38;2;87;158;216m█[38;2;85;153;210m▒[38;2;88;158;216m▓[38;2;75;135;185m▒[38;2;86;156;214m▒[38;2;96;174;238m▓[38;2;91;165;226m▓[38;2;83;151;206m▒[38;2;81;146;200m█[38;2;86;155;212m▒[38;2;72;131;179m▒[38;2;80;144;197m█[38;2;83;150;205m▒[38;2;74;135;184m█[38;2;93;168;229m▓[38;2;77;140;191m▒[38;2;95;173;236m▓[38;2;86;155;213m▒[38;2;85;154;211m█[38;2;96;174;238m▒[38;2;81;146;200m█[38;2;73;131;179m▓[38;2;75;135;185m█[38;2;88;159;218m▓[38;2;96;173;236m▒[0m
[38;2;143;183;113m█[38;2;142;182;113m▓[38;2;126;161;100m▓[38;2;133;171;106m▓[38;2;125;160;99m█[38;2;151;194;120m▒[38;2;133;171;106m▓[38;2;121;155;96m▓[38;2;135;173;107m▓[38;2;151;194;120m▓[38;2;114;146;91m▓[38;2;140;179;111m▓[38;2;129;165;102m▓[38;2;139;178;110m▓[38;2;143;183;114m█[38;2;148;189;117m▓[38;2;129;166;103m▓[38;2;133;171;106m▓[38;2;116;149;93m▒[38;2;137;176;109m▓[38;2;140;179;111m█[38;2;123;157;97m█[38;2;124;159;98m▓[38;2;150;192;119m▓[38;2;131;168;104m▒[38;2;122;156;97m▒[38;2;150;193;119m▒[38;2;123;157;97m▓[38;2;149;191;118m▓[38;2;148;190;117m▒[38;2;136;175;108m▒[38;2;116;149;92m▒[38;2;136;174;108m▒[38;2;147;188;117m▒[38;2;146;188;117m▓[38;2;127;163;101m▓[38;2;147;189;117m▒[38;2;118;151;94m▒[38;2;24;50;54m▒[38;2;31;44;28m·[38;2;25;36;23m·[38;2;22;47;50m░[38;2;20;37;52m·[38;2;34;63;90m·[38;2;44;88;127m░[38;2;22;31;20m·[38;2;78;65;42m·[38;2;44;81;115m▒[38;2;60;127;135m [38;2;44;88;127m░[38;2;81;147;201m▓[38;2;85;153;209m▓[38;2;44;88;127m░[38;2;85;153;209m█[38;2;91;164;224m▓[38;2;86;156;213m█[38;2;89;162;221m▓[38;2;78;141;193m▓[38;2;75;136;185m█[38;2;91;164;224m▓[38;2;80;144;197m▓[38;2;92;166;228m▒[38;2;82;148;203m▒[38;2;94;169;231m▓[38;2;77;138;189m█[38;2;88;160;218m█[38;2;95;70;46m░[38;2;137;101;67m·[38;2;156;115;76m▒[38;2;116;85;56m░[38;2;100;73;48m·[38;2;101;74;49m░[38;2;90;163;223m▓[38;2;87;157;215m▒[38;2;80;144;197m▒[38;2;86;155;212m▓[38;2;78;141;192m▒[38;2;78;142;194m▒[38;2;86;156;213m▓[38;2;91;164;224m█[38;2;93;169;231m▓[38;2;89;161;219m▓[38;2;77;140;191m█[38;2;74;135;184m▒[38;2;87;158;216m▓[38;2;74;135;184m▒[38;2;81;146;199m▒[38;2;89;160;219m▓[0m
[38;2;133;171;106m▓[38;2;121;155;96m█[38;2;120;154;95m▓[38;2;123;158;98m▓[38;2;127;163;101m▓[38;2;125;161;100m▓[38;2;132;169;105m▒[38;2;123;158;98m▒[38;2;138;177;110m█[38;2;140;180;112m▓[38;2;144;186;115m▒[38;2;120;154;95m▓[38;2;131;168;104m▒[38;2;118;151;94m█[38;2;132;169;105m▓[38;2;124;159;99m▓[38;2;125;161;100m▓[38;2;130;167;104m█[38;2;135;173;107m▓[38;2;151;194;120m▒[38;2;141;181;112m█[38;2;132;170;105m▒[38;2;143;184;114m█[38;2;148;191;118m█[38;2;149;191;119m█[38;2;116;150;93m▓[38;2;129;165;102m▓[38;2;121;155;96m▓[38;2;141;181;112m█[38;2;126;162;100m▓[38;2;127;163;101m▓[38;2;134;173;107m█[38;2;123;158;98m▓[38;2;135;173;107m▒[38;2;64;90;58m░[38;2;40;58;36m·[38;2;132;170;105m▓[38;2;40;58;36m·[38;2;119;153;95m▓[38;2;23;47;68m·[38;2;67;87;55m·[38;2;35;76;81m▒[38;2;64;90;58m░[38;2;70;128;181m▒[38;2;23;50;53m▒[38;2;17;25;16m▒[38;2;44;88;127m░[38;2;79;144;196m▒[38;2;70;128;181m▒[38;2;84;151;207m█[38;2;83;149;204m▓[38;2;28;55;80m·[38;2;28;55;80m·[38;2;92;166;227m▓[38;2;80;145;199m█[38;2;82;149;204m█[38;2;88;159;217m█[38;2;85;154;210m▓[38;2;78;140;192m▒[38;2;76;137;188m█[38;2;95;172;235m█[38;2;86;155;212m▒[38;2;78;141;192m▓[38;2;75;136;185m█[38;2;100;73;48m·[38;2;136;100;66m·[38;2;124;91;60m·[38;2;122;90;59m·[38;2;129;95;63m·[38;2;140;103;68m▒[38;2;129;95;63m·[38;2;136;100;66m░[38;2;102;75;50m░[38;2;128;94;62m·[38;2;91;164;224m▓[38;2;96;173;236m▓[38;2;89;161;220m▓[38;2;77;139;190m▒[38;2;76;137;187m▓[38;2;73;133;182m▓[38;2;87;157;214m▓[38;2;75;136;186m▓[38;2;94;170;232m▓[38;2;94;171;234m█[38;2;90;163;223m█[38;2;90;163;223m▓[38;2;75;136;186m█[38;2;85;154;210m█[0m
[38;2;115;148;92m█[38;2;134;173;107m▓[38;2;148;190;118m▓[38;2;121;155;96m▒[38;2;151;194;120m▒[38;2;114;147;91m▓[38;2;123;158;98m▓[38;2;125;160;99m▒[38;2;136;174;108m█[38;2;140;179;111m█[38;2;114;146;91m█[38;2;132;169;105m▒[38;2;144;185;114m▓[38;2;137;176;109m▒[38;2;150;193;120m▒[38;2;147;188;117m▓[38;2;134;172;106m█[38;2;136;174;108m▓[38;2;145;186;115m▒[38;2;131;169;104m█[38;2;126;162;100m▒[38;2;114;147;91m▒[38;2;137;175;109m▓[38;2;119;153;95m▒[38;2;133;170;105m█[38;2;135;174;108m▓[38;2;115;147;91m▓[38;2;143;183;114m▓[38;2;124;159;99m▓[38;2;149;192;119m▓[38;2;143;183;113m█[38;2;138;177;109m█[38;2;141;181;112m█[38;2;126;162;100m█[38;2;64;90;58m░[38;2;133;170;105m▓[38;2;64;90;58m░[38;2;40;58;36m·[38;2;17;32;45m▒[38;2;18;37;54m·[38;2;107;138;87m▒[38;2;33;70;75m▒[38;2;107;138;87m▒[38;2;77;139;190m▓[38;2;81;146;200m▒[38;2;38;80;85m▒[38;2;76;138;189m█[38;2;70;128;181m▒[38;2;73;132;180m▓[38;2;77;140;191m█[38;2;44;88;127m░[38;2;77;139;191m▓[38;2;28;55;80m·[38;2;74;134;183m█[38;2;72;131;179m█[38;2;93;169;231m█[38;2;77;140;191m█[38;2;73;132;180m▒[38;2;89;160;219m█[38;2;93;169;230m▓[38;2;87;158;215m▒[38;2;82;148;203m▒[38;2;73;132;180m█[38;2;96;174;238m▓[38;2;132;97;64m░[38;2;146;107;71m·[38;2;99;73;48m▒[38;2;175;129;85m●[38;2;182;134;88m◆[38;2;184;136;90m◉[38;2;194;143;95m●[38;2;130;95;63m·[38;2;140;103;68m▒[38;2;145;106;70m░[38;2;73;132;181m█[38;2;86;155;212m▒[38;2;81;147;200m█[38;2;72;131;179m▒[38;2;92;166;227m█[38;2;88;158;216m▒[38;2;74;135;184m▓[38;2;75;136;186m▓[38;2;77;139;190m█[38;2;94;170;233m▓[38;2;81;146;200m▓[38;2;93;168;230m▓[38;2;81;146;199m▒[38;2;80;145;198m▓[0m
[38;2;141;182;112m▓[38;2;148;190;118m█[38;2;135;173;107m▒[38;2;128;164;102m▓[38;2;114;147;91m▒[38;2;127;163;101m█[38;2;138;177;110m█[38;2;132;170;105m▓[38;2;149;191;119m█[38;2;119;152;94m█[38;2;126;162;100m▒[38;2;123;158;98m█[38;2;136;175;108m▒[38;2;115;148;92m▓[38;2;141;182;112m▓[38;2;146;188;116m▓[38;2;119;153;94m█[38;2;144;185;115m▓[38;2;114;146;91m█[38;2;141;182;113m▓[38;2;131;168;104m▒[38;2;126;162;101m▒[38;2;151;194;120m▓[38;2;121;156;96m▓[38;2;133;170;106m▓[38;2;140;180;111m▓[38;2;147;189;117m▓[38;2;118;152;94m▒[38;2;133;171;106m▓[38;2;140;179;111m▓[38;2;134;172;107m▓[38;2;145;187;116m▓[38;2;198;120;221m◈[38;2;122;156;97m▓[38;2;124;159;99m▓[38;2;124;159;98m▓[38;2;115;148;92m█[38;2;126;162;100m▓[38;2;134;173;107m▒[38;2;64;90;58m░[38;2;126;161;100m▒[38;2;29;54;76m·[38;2;64;90;58m░[38;2;70;128;181m▒[38;2;152;128;82m·[38;2;70;128;181m▒[38;2;44;88;127m░[38;2;87;158;216m▓[38;2;89;161;220m█[38;2;83;150;205m█[38;2;86;156;213m▒[38;2;93;168;230m█[38;2;96;174;238m▓[38;2;91;165;226m▒[38;2;74;134;183m█[38;2;89;160;219m█[38;2;92;166;226m▓[38;2;91;164;224m█[38;2;84;151;207m█[38;2;84;152;207m▓[38;2;74;134;183m█[38;2;85;154;210m█[38;2;76;138;189m▒[38;2;95;172;235m▓[38;2;117;86;57m░[38;2;101;74;49m░[38;2;196;144;95m●[38;2;171;126;83m▓[38;2;194;143;95m◉[38;2;186;137;90m◉[38;2;178;131;87m◆[38;2;208;153;101m◉[38;2;101;74;49m·[38;2;124;91;60m·[38;2;91;164;224m▓[38;2;75;136;187m▒[38;2;78;141;193m█[38;2;92;166;227m█[38;2;77;140;191m█[38;2;77;139;189m█[38;2;78;142;194m█[38;2;74;135;184m▒[38;2;77;140;191m▒[38;2;79;143;196m█[38;2;90;162;222m▒[38;2;90;162;221m█[38;2;83;150;205m█[38;2;82;148;202m▓[0m
[38;2;121;155;96m█[38;2;121;156;96m▓[38;2;130;167;104m▒[38;2;132;170;105m▓[38;2;135;173;107m▒[38;2;130;167;103m▒[38;2;116;149;92m▒[38;2;133;171;106m▓[38;2;142;182;113m▒[38;2;149;191;118m█[38;2;143;183;114m▒[38;2;122;157;97m▓[38;2;114;147;91m▒[38;2;142;182;113m▒[38;2;139;179;111m█[38;2;116;148;92m▒[38;2;119;153;94m▒[38;2;147;188;117m▓[38;2;121;155;96m▓[38;2;134;172;107m█[38;2;128;164;102m█[38;2;133;171;106m▒[38;2;125;161;100m▓[38;2;144;185;115m█[38;2;119;152;94m▓[38;2;128;164;102m▒[38;2;140;180;112m▓[38;2;144;185;114m▓[38;2;140;180;112m▓[38;2;114;146;91m▓[38;2;135;173;107m█[38;2;122;156;97m▒[38;2;141;180;112m▒[38;2;89;54;99m·[38;2;141;181;112m▓[38;2;64;90;58m░[38;2;130;167;103m▓[38;2;146;188;116m▓[38;2;114;146;91m▓[38;2;107;138;87m▒[38;2;122;156;97m▓[38;2;29;62;66m▒[38;2;117;150;93m▓[38;2;53;113;121m▒[38;2;70;128;181m▒[38;2;71;91;57m░[38;2;16;33;48m░[38;2;70;128;181m▒[38;2;70;128;181m▒[38;2;79;142;194m▓[38;2;92;166;227m▓[38;2;73;132;181m▒[38;2;79;143;196m▓[38;2;76;137;188m▓[38;2;89;160;219m▓[38;2;81;146;200m▓[38;2;95;172;235m▓[38;2;81;146;200m▒[38;2;94;171;233m▓[38;2;93;169;230m▓[38;2;84;151;207m▓[38;2;80;144;197m▓[38;2;81;146;199m▓[38;2;73;133;182m█[38;2;122;90;59m░[38;2;114;84;55m▒[38;2;174;128;85m◉[38;2;201;148;98m◉[38;2;171;126;83m▓[38;2;200;147;97m◆[38;2;186;137;91m▓[38;2;168;124;82m◆[38;2;100;73;48m·[38;2;137;101;67m·[38;2;93;167;229m▓[38;2;88;160;218m▓[38;2;88;160;218m▓[38;2;93;168;229m▒[38;2;79;142;194m▓[38;2;75;136;186m▒[38;2;85;154;211m█[38;2;76;138;189m▓[38;2;81;147;201m▓[38;2;86;155;212m▓[38;2;90;163;222m▓[38;2;73;131;180m▓[38;2;91;165;226m▓[38;2;78;141;192m▓[0m
[38;2;124;159;98m▓[38;2;137;176;109m▓[38;2;147;189;117m▓[38;2;122;156;97m▓[38;2;143;184;114m▓[38;2;116;149;92m█[38;2;115;148;91m▓[38;2;126;162;101m▒[38;2;120;155;96m█[38;2;129;166;103m▒[38;2;143;184;114m▓[38;2;139;179;111m▓[38;2;143;183;114m▓[38;2;122;156;97m█[38;2;116;149;92m▓[38;2;132;169;105m▒[38;2;126;162;100m▓[38;2;138;177;110m▓[38;2;115;148;92m█[38;2;117;150;93m█[38;2;144;185;115m▒[38;2;142;182;113m▓[38;2;140;180;111m█[38;2;142;182;113m▓[38;2;145;186;115m█[38;2;136;175;108m▓[38;2;143;184;114m█[38;2;146;187;116m▓[38;2;131;168;104m▓[38;2;135;174;108m▓[38;2;143;184;114m█[38;2;129;166;103m▓[38;2;139;179;111m█[38;2;148;190;118m▒[38;2;114;146;90m▒[38;2;150;192;119m▒[38;2;136;175;109m▒[38;2;134;172;107m▓[38;2;23;46;67m·[38;2;21;30;19m·[38;2;140;117;75m▒[38;2;23;48;52m░[38;2;43;61;39m·[38;2;41;58;37m [38;2;28;55;80m·[38;2;43;61;39m [38;2;70;128;181m▒[38;2;28;55;80m·[38;2;26;34;21m░[38;2;78;142;193m█[38;2;89;160;219m▒[38;2;91;164;224m█[38;2;74;134;183m█[38;2;95;173;236m█[38;2;89;162;221m▒[38;2;92;166;227m▓[38;2;84;153;209m█[38;2;73;132;180m▓[38;2;83;150;206m▓[38;2;90;164;224m▓[38;2;84;152;208m▓[38;2;94;170;232m▓[38;2;95;171;234m▓[38;2;76;138;189m█[38;2;141;104;69m·[38;2;142;105;69m░[38;2;120;88;58m▒[38;2;194;143;94m▓[38;2;187;138;91m▓[38;2;196;144;95m◉[38;2;180;133;88m◉[38;2;125;92;61m·[38;2;143;105;70m▒[38;2;150;110;73m░[38;2;92;166;227m▓[38;2;90;163;223m▓[38;2;94;170;233m█[38;2;91;165;225m█[38;2;77;139;190m█[38;2;84;152;207m█[38;2;82;148;203m█[38;2;80;145;198m▒[38;2;77;140;191m▒[38;2;82;149;203m▓[38;2;80;145;198m▓[38;2;85;154;211m▒[38;2;79;143;195m█[38;2;82;148;202m█[0m
[38;2;118;152;94m▒[38;2;115;148;92m█[38;2;149;192;119m█[38;2;147;189;117m▓[38;2;139;179;111m▒[38;2;141;180;112m█[38;2;120;154;96m▓[38;2;128;165;102m█[38;2;132;170;105m█[38;2;121;155;96m▓[38;2;133;171;106m█[38;2;126;162;100m▓[38;2;116;149;92m▓[38;2;139;178;110m▒[38;2;135;174;108m█[38;2;139;179;111m▓[38;2;139;178;111m▓[38;2;148;190;117m▓[38;2;145;186;115m▒[38;2;118;152;94m▒[38;2;124;159;99m▓[38;2;136;175;109m█[38;2;148;190;118m█[38;2;139;179;111m▓[38;2;140;180;111m▓[38;2;150;192;119m▓[38;2;137;176;109m▓[38;2;133;170;105m▒[38;2;136;175;108m▓[38;2;145;186;115m▓[38;2;125;160;99m█[38;2;134;172;106m▓[38;2;144;184;114m▓[38;2;151;193;120m▓[38;2;120;154;95m█[38;2;116;149;92m█[38;2;136;174;108m▒[38;2;150;192;119m▒[38;2;65;84;53m [38;2;18;25;16m·[38;2;150;193;120m▒[38;2;76;64;41m·[38;2;19;36;51m [38;2;42;77;109m▒[38;2;21;30;19m▒[38;2;91;165;226m▓[38;2;70;128;181m▒[38;2;77;140;191m▓[38;2;90;163;223m█[38;2;87;158;216m█[38;2;28;55;80m·[38;2;73;133;181m▓[38;2;82;149;204m▓[38;2;83;151;206m▓[38;2;93;168;230m█[38;2;84;151;207m▓[38;2;92;166;226m▒[38;2;96;173;237m▓[38;2;78;142;194m▒[38;2;78;142;194m▓[38;2;77;139;190m█[38;2;96;174;237m▒[38;2;90;163;222m▓[38;2;93;168;229m▓[38;2;94;69;46m▒[38;2;139;102;68m▒[38;2;117;86;57m·[38;2;145;106;70m▒[38;2;123;90;60m▒[38;2;106;78;52m▒[38;2;127;93;62m·[38;2;147;108;72m▒[38;2;133;98;65m░[38;2;124;91;60m░[38;2;77;140;191m▓[38;2;81;146;200m▓[38;2;94;169;231m▓[38;2;86;156;213m▒[38;2;86;156;213m▓[38;2;76;138;189m▓[38;2;84;151;207m▒[38;2;75;136;186m▒[38;2;74;133;182m▓[38;2;94;170;232m▓[38;2;91;165;226m▓[38;2;90;163;223m▓[38;2;94;170;233m▓[38;2;73;132;181m▓[0m
[38;2;149;192;119m▓[38;2;115;148;92m▒[38;2;119;153;95m▓[38;2;150;192;119m▓[38;2;144;185;115m▓[38;2;126;162;100m▒[38;2;114;146;90m▓[38;2;145;186;115m▓[38;2;139;178;110m█[38;2;139;178;111m▓[38;2;145;186;115m▒[38;2;140;180;112m▓[38;2;151;194;120m▓[38;2;127;163;101m▓[38;2;123;157;97m▓[38;2;124;159;99m█[38;2;119;153;95m█[38;2;114;146;90m▓[38;2;139;179;111m▓[38;2;131;168;104m▒[38;2;135;174;108m▓[38;2;141;181;112m▓[38;2;145;187;116m▓[38;2;119;152;94m▒[38;2;116;148;92m█[38;2;140;180;112m█[38;2;146;187;116m▓[38;2;117;150;93m▒[38;2;149;192;119m▒[38;2;145;187;116m█[38;2;123;158;98m▒[38;2;126;162;101m█[38;2;126;162;100m▓[38;2;144;184;114m▓[38;2;145;186;115m█[38;2;126;162;100m▓[38;2;150;193;119m▓[38;2;116;148;92m▓[38;2;148;190;118m▓[38;2;142;183;113m▓[38;2;118;152;94m▓[38;2;107;138;87m▒[38;2;32;68;73m·[38;2;43;61;39m▒[38;2;79;142;194m▓[38;2;70;128;181m▒[38;2;74;134;183m▓[38;2;74;134;183m▓[38;2;85;153;209m█[38;2;44;88;127m░[38;2;94;170;233m█[38;2;82;149;203m▓[38;2;90;163;222m▓[38;2;83;151;206m█[38;2;73;132;181m▓[38;2;77;140;191m█[38;2;79;143;195m▓[38;2;74;134;183m▓[38;2;88;160;218m█[38;2;77;139;190m▓[38;2;93;167;229m▓[38;2;88;159;218m▓[38;2;79;144;196m█[38;2;75;136;187m█[38;2;90;162;222m▓[38;2;90;163;223m█[38;2;104;76;50m░[38;2;101;74;49m·[38;2;151;111;73m▒[38;2;111;82;54m▒[38;2;152;112;74m░[38;2;108;79;52m▒[38;2;78;140;192m▒[38;2;78;141;193m▒[38;2;72;131;179m▓[38;2;93;167;229m▓[38;2;84;151;207m▒[38;2;83;151;206m▒[38;2;75;136;186m▒[38;2;94;171;233m▒[38;2;75;136;186m▓[38;2;83;150;205m▓[38;2;86;155;212m▓[38;2;84;152;208m▓[38;2;93;169;231m▒[38;2;95;172;235m▓[38;2;76;138;189m█[38;2;74;134;184m█[0m
[38;2;149;192;119m▓[38;2;131;168;104m█[38;2;124;159;99m█[38;2;140;180;112m▒[38;2;120;155;96m▓[38;2;144;185;115m▓[38;2;140;179;111m▓[38;2;122;157;97m▒[38;2;119;153;94m█[38;2;144;185;115m█[38;2;146;188;116m█[38;2;138;177;110m▓[38;2;131;168;104m▓[38;2;146;187;116m█[38;2;119;153;94m▓[38;2;125;161;100m▓[38;2;129;165;102m▓[38;2;150;192;119m▓[38;2;128;164;102m▒[38;2;122;156;97m▓[38;2;131;169;104m█[38;2;131;168;104m▓[38;2;142;183;113m▓[38;2;127;162;101m▓[38;2;143;183;114m▓[38;2;114;146;90m█[38;2;132;169;105m▒[38;2;123;157;98m▓[38;2;129;166;103m▓[38;2;119;152;94m█[38;2;116;149;92m▓[38;2;117;150;93m▒[38;2;123;158;98m▓[38;2;150;192;119m█[38;2;40;58;36m·[38;2;117;150;93m▒[38;2;64;90;58m░[38;2;114;147;91m█[38;2;44;82;116m·[38;2;27;55;80m▒[38;2;118;151;94m▓[38;2;107;138;87m▒[38;2;133;171;106m▓[38;2;70;128;181m▒[38;2;14;29;42m▒[38;2;70;128;181m▒[38;2;28;55;80m·[38;2;60;78;49m▒[38;2;89;160;219m▓[38;2;80;146;199m▓[38;2;80;145;198m▓[38;2;28;55;80m·[38;2;96;173;237m▒[38;2;75;137;187m▓[38;2;89;162;221m▒[38;2;91;164;225m▓[38;2;88;159;217m█[38;2;85;153;209m▒[38;2;88;159;217m▒[38;2;95;172;235m█[38;2;91;164;224m█[38;2;84;152;208m▓[38;2;91;165;225m▒[38;2;96;173;236m█[38;2;88;159;217m▓[38;2;96;173;236m▓[38;2;93;168;230m█[38;2;74;134;183m▒[38;2;93;169;231m▓[38;2;73;131;180m▒[38;2;79;143;195m▓[38;2;93;167;229m▓[38;2;72;131;179m▓[38;2;94;170;233m▓[38;2;75;136;186m▓[38;2;76;137;188m█[38;2;81;146;200m█[38;2;84;152;207m█[38;2;95;171;234m█[38;2;74;135;184m▓[38;2;79;142;194m█[38;2;84;152;208m▓[38;2;96;174;238m▓[38;2;93;167;229m▒[38;2;90;162;222m▓[38;2;74;134;183m▒[38;2;86;156;214m▓[38;2;83;151;206m▒[0m
[38;2;122;157;97m▓[38;2;131;169;105m▒[38;2;121;155;96m▓[38;2;138;177;109m▓[38;2;133;170;105m█[38;2;115;147;91m▓[38;2;125;160;99m▒[38;2;148;190;118m▓[38;2;151;194;120m█[38;2;116;149;92m▒[38;2;145;186;115m█[38;2;133;171;106m█[38;2;137;175;109m▓[38;2;126;162;100m▓[38;2;149;191;118m▓[38;2;121;155;96m▓[38;2;141;181;112m█[38;2;132;169;105m█[38;2;118;151;93m▓[38;2;130;167;103m▓[38;2;139;178;110m▓[38;2;146;187;116m▒[38;2;128;164;101m▒[38;2;141;181;112m█[38;2;117;151;93m▒[38;2;149;191;118m▓[38;2;151;194;120m▓[38;2;139;179;111m▓[38;2;116;149;92m█[38;2;117;150;93m▒[38;2;141;181;112m▓[38;2;148;190;118m▓[38;2;140;180;111m█[38;2;134;172;106m▒[38;2;120;154;96m▒[38;2;127;163;101m▓[38;2;134;173;107m▓[38;2;142;182;113m▒[38;2;40;58;36m·[38;2;131;168;104m▓[38;2;121;155;96m▒[38;2;92;77;49m░[38;2;105;88;56m▒[38;2;90;75;48m░[38;2;44;88;127m░[38;2;70;128;181m▒[38;2;68;88;55m [38;2;70;128;181m▒[38;2;70;90;56m·[38;2;80;145;198m█[38;2;28;55;80m·[38;2;87;158;216m▒[38;2;75;136;185m▓[38;2;89;160;219m▓[38;2;88;159;217m▓[38;2;90;163;222m▓[38;2;78;142;194m█[38;2;93;167;229m▓[38;2;90;162;221m▓[38;2;93;168;229m█[38;2;76;137;187m▓[38;2;93;168;229m▒[38;2;84;151;207m▒[38;2;93;169;231m▓[38;2;81;147;200m▓[38;2;80;145;198m▓[38;2;73;132;180m█[38;2;74;134;183m▓[38;2;83;151;206m▒[38;2;84;152;207m▒[38;2;88;158;217m▒[38;2;81;146;199m█[38;2;81;146;200m▓[38;2;96;174;238m▓[38;2;82;149;204m▓[38;2;81;147;200m█[38;2;88;160;218m▓[38;2;86;156;213m▒[38;2;83;150;205m▓[38;2;74;135;184m█[38;2;91;165;226m█[38;2;92;165;226m▓[38;2;94;169;232m▒[38;2;88;159;217m▓[38;2;77;140;191m█[38;2;85;153;210m▓[38;2;90;164;224m▓[38;2;76;137;187m▒[0m
[38;2;135;173;107m▓[38;2;148;190;118m▓[38;2;127;163;101m▓[38;2;114;147;91m▓[38;2;149;191;118m▓[38;2;137;177;109m▓[38;2;136;175;108m█[38;2;122;157;97m▓[38;2;131;169;104m▓[38;2;144;185;115m▓[38;2;123;157;97m█[38;2;145;186;115m▓[38;2;148;190;118m▓[38;2;141;181;112m▓[38;2;141;180;112m▓[38;2;145;187;116m▓[38;2;114;146;90m▓[38;2;148;190;117m▒[38;2;131;168;104m▓[38;2;126;162;100m▓[38;2;122;157;97m▒[38;2;130;167;103m█[38;2;122;156;97m▓[38;2;136;174;108m▓[38;2;120;155;96m▒[38;2;143;183;114m▒[38;2;124;159;99m▓[38;2;133;171;106m▓[38;2;127;163;101m▒[38;2;129;165;102m█[38;2;126;162;100m▒[38;2;131;168;104m▓[38;2;143;184;114m▒[38;2;137;176;109m▒[38;2;40;58;36m·[38;2;119;153;95m▓[38;2;40;58;36m·[38;2;127;164;101m▒[38;2;139;179;111m█[38;2;134;173;107m▓[38;2;148;190;118m▓[38;2;64;90;58m░[38;2;133;171;106m▓[38;2;70;128;181m▒[38;2;70;128;181m▒[38;2;82;148;202m█[38;2;12;24;35m▒[38;2;80;145;199m▒[38;2;36;76;81m▒[38;2;74;133;182m▓[38;2;78;141;192m▓[38;2;75;136;186m▓[38;2;28;55;80m·[38;2;95;171;234m▓[38;2;76;137;188m▓[38;2;84;152;208m▒[38;2;88;158;216m▓[38;2;96;173;237m▓[38;2;76;138;188m▓[38;2;89;162;221m▓[38;2;76;138;188m▓[38;2;81;146;200m▓[38;2;96;174;237m▒[38;2;82;149;203m▒[38;2;96;173;237m▓[38;2;94;170;232m█[38;2;88;159;218m▒[38;2;89;161;219m▓[38;2;86;155;211m▓[38;2;94;169;231m█[38;2;85;153;209m▓[38;2;94;171;233m▓[38;2;89;161;220m▓[38;2;72;131;179m▓[38;2;81;147;200m▓[38;2;90;163;222m▒[38;2;84;152;207m▓[38;2;81;147;201m█[38;2;77;140;191m▓[38;2;89;161;220m█[38;2;86;155;212m█[38;2;93;168;230m▒[38;2;93;168;230m▓[38;2;92;167;228m▓[38;2;91;164;224m▒[38;2;86;156;214m▒[38;2;72;131;179m▓[38;2;79;143;195m▓[0m
[38;2;130;167;103m█[38;2;131;168;104m█[38;2;132;170;105m█[38;2;138;178;110m█[38;2;121;156;96m▒[38;2;140;180;111m█[38;2;146;188;116m▒[38;2;140;180;111m▓[38;2;145;187;116m█[38;2;151;194;120m▓[38;2;146;187;116m▓[38;2;133;170;106m▒[38;2;117;150;93m▓[38;2;136;175;108m▓[38;2;127;162;101m▓[38;2;138;177;110m▓[38;2;145;187;116m█[38;2;120;154;95m▓[38;2;143;184;114m█[38;2;116;149;92m▓[38;2;137;176;109m▓[38;2;134;172;106m▒[38;2;129;166;103m▒[38;2;139;179;111m▒[38;2;131;168;104m▓[38;2;120;154;95m▓[38;2;129;166;103m▓[38;2;148;190;117m▒[38;2;124;159;98m█[38;2;132;170;105m█[38;2;147;189;117m█[38;2;118;151;94m▓[38;2;124;160;99m█[38;2;134;172;107m█[38;2;126;161;100m▒[38;2;124;160;99m█[38;2;150;192;119m█[38;2;149;191;118m▓[38;2;146;188;116m▓[38;2;136;175;109m█[38;2;107;138;87m▒[38;2;107;138;87m▒[38;2;116;149;92m▓[38;2;75;136;185m█[38;2;28;55;80m·[38;2;70;128;181m▒[38;2;73;95;59m▒[38;2;28;55;80m·[38;2;86;156;213m▓[38;2;81;146;200m▓[38;2;77;140;191m▓[38;2;44;88;127m░[38;2;77;140;191m▓[38;2;94;169;231m█[38;2;82;148;202m▓[38;2;92;167;228m▒[38;2;90;163;223m█[38;2;83;149;204m▓[38;2;96;174;238m▒[38;2;88;159;218m▓[38;2;81;147;201m▓[38;2;94;170;233m█[38;2;76;138;188m▓[38;2;87;156;214m▓[38;2;84;153;209m▓[38;2;82;149;203m▓[38;2;78;141;193m▓[38;2;91;164;224m▓[38;2;81;146;200m▓[38;2;87;157;214m▒[38;2;91;164;224m▓[38;2;96;174;238m▓[38;2;84;153;209m▓[38;2;77;139;190m▓[38;2;91;165;225m▓[38;2;74;134;183m█[38;2;91;165;225m▒[38;2;76;138;188m█[38;2;95;172;234m▓[38;2;83;150;204m▓[38;2;84;153;208m▓[38;2;91;165;226m█[38;2;80;145;199m▓[38;2;90;163;223m▓[38;2;76;138;189m▓[38;2;88;160;218m▓[38;2;84;151;207m▓[38;2;75;135;185m▒[0m
[38;2;140;179;111m█[38;2;124;159;98m█[38;2;129;165;102m▒[38;2;117;150;93m▓[38;2;151;194;120m▓[38;2;139;179;111m█[38;2;139;178;111m▒[38;2;131;168;104m▓[38;2;144;185;115m▒[38;2;116;149;92m▒[38;2;140;179;111m▓[38;2;151;193;120m▓[38;2;144;184;114m▓[38;2;126;161;100m▓[38;2;150;192;119m█[38;2;140;180;111m█[38;2;145;186;115m▓[38;2;130;167;103m▓[38;2;134;172;107m▒[38;2;138;177;110m▓[38;2;123;158;98m▓[38;2;128;164;102m▓[38;2;115;148;92m█[38;2;125;161;100m█[38;2;142;182;113m▒[38;2;138;177;110m▓[38;2;121;156;96m█[38;2;127;163;101m▓[38;2;139;178;110m▓[38;2;129;166;103m▓[38;2;125;160;99m▓[38;2;140;180;112m█[38;2;123;158;98m▒[38;2;125;160;99m▓[38;2;132;169;105m▓[38;2;146;188;116m█[38;2;117;150;93m█[38;2;107;138;87m▒[38;2;122;157;97m▒[38;2;107;138;87m▒[38;2;107;138;87m▒[38;2;116;149;92m█[38;2;137;175;109m█[38;2;80;145;199m▓[38;2;70;128;181m▒[38;2;77;139;191m▒[38;2;45;83;118m·[38;2;44;88;127m░[38;2;82;149;204m█[38;2;88;159;217m▓[38;2;74;133;182m▓[38;2;93;168;230m▓[38;2;77;139;190m█[38;2;75;136;185m█[38;2;82;148;202m█[38;2;82;148;202m▓[38;2;73;131;179m█[38;2;80;145;198m▓[38;2;87;158;216m▓[38;2;86;156;213m▓[38;2;77;140;191m▓[38;2;86;156;214m█[38;2;86;156;213m▓[38;2;75;136;186m▓[38;2;96;174;238m█[38;2;78;141;192m█[38;2;78;141;193m▒[38;2;86;156;214m▒[38;2;85;153;210m█[38;2;91;165;225m▒[38;2;73;131;180m▒[38;2;87;157;215m▓[38;2;93;168;229m▒[38;2;95;173;236m█[38;2;90;163;223m▓[38;2;93;169;231m▓[38;2;94;170;233m▓[38;2;83;150;205m▒[38;2;89;161;221m█[38;2;76;138;189m▒[38;2;79;143;196m▓[38;2;82;148;202m█[38;2;86;155;212m█[38;2;74;134;184m█[38;2;81;147;201m█[38;2;89;160;219m▓[38;2;82;149;204m█[38;2;72;131;179m▓[0m
[38;2;130;168;104m▒[38;2;120;154;95m▒[38;2;148;190;118m▓[38;2;122;156;97m█[38;2;139;179;111m▒[38;2;144;185;114m▓[38;2;120;154;96m▓[38;2;138;177;110m▓[38;2;143;183;114m█[38;2;134;172;106m▒[38;2;118;151;94m█[38;2;139;179;111m▓[38;2;142;182;113m█[38;2;142;182;113m█[38;2;134;173;107m▓[38;2;138;178;110m▓[38;2;137;176;109m▓[38;2;146;187;116m▓[38;2;150;192;119m▓[38;2;147;189;117m▒[38;2;145;186;115m▒[38;2;146;188;116m▓[38;2;138;177;109m▓[38;2;128;164;102m▓[38;2;141;181;112m▓[38;2;125;160;99m█[38;2;141;182;112m▓[38;2;151;194;120m▒[38;2;150;193;120m▓[38;2;141;181;112m▓[38;2;150;192;119m▒[38;2;146;188;116m▓[38;2;134;172;107m▒[38;2;131;168;104m▓[38;2;40;58;36m·[38;2;124;159;98m▓[38;2;125;161;99m▓[38;2;122;156;97m█[38;2;127;163;101m▒[38;2;142;182;113m█[38;2;132;170;105m▒[38;2;107;138;87m▒[38;2;150;193;120m▓[38;2;90;162;222m█[38;2;44;88;127m░[38;2;75;136;186m█[38;2;70;128;181m▒[38;2;83;150;205m▓[38;2;44;88;127m░[38;2;91;165;226m▓[38;2;87;157;215m▓[38;2;76;138;189m▓[38;2;89;160;219m▒[38;2;89;160;219m▒[38;2;75;135;185m▒[38;2;94;170;232m█[38;2;93;169;231m▒[38;2;75;135;185m▓[38;2;86;156;214m▓[38;2;84;153;209m▓[38;2;95;171;234m▓[38;2;94;170;232m▓[38;2;78;140;192m█[38;2;87;157;214m▓[38;2;81;147;201m▒[38;2;96;174;237m▓[38;2;76;137;188m▓[38;2;86;156;213m▓[38;2;77;140;191m█[38;2;74;135;184m▒[38;2;72;131;179m▒[38;2;78;141;193m▒[38;2;78;141;192m▓[38;2;90;164;224m▒[38;2;91;165;225m▓[38;2;73;132;181m▒[38;2;95;171;234m▒[38;2;82;149;204m▒[38;2;86;156;214m▒[38;2;92;167;228m▒[38;2;73;133;182m▓[38;2;86;156;213m▓[38;2;85;153;209m▓[38;2;81;147;201m▒[38;2;73;131;180m▒[38;2;93;168;229m▒[38;2;93;169;231m▒[38;2;90;163;222m▓[0m
[38;2;128;165;102m▓[38;2;114;147;91m▒[38;2;133;171;106m▓[38;2;118;152;94m▓[38;2;144;184;114m█[38;2;140;179;111m▓[38;2;141;181;112m▓[38;2;125;160;99m█[38;2;137;176;109m▒[38;2;118;151;94m▒[38;2;150;193;120m▒[38;2;149;191;118m▒[38;2;126;161;100m▒[38;2;142;183;113m█[38;2;136;174;108m▒[38;2;149;191;118m▓[38;2;142;183;113m█[38;2;136;175;108m▓[38;2;149;192;119m▓[38;2;114;147;91m▓[38;2;130;167;104m█[38;2;130;167;104m▓[38;2;144;185;114m▒[38;2;141;181;112m▓[38;2;127;163;101m▒[38;2;115;147;91m▓[38;2;144;185;115m▓[38;2;116;149;92m█[38;2;129;166;103m█[38;2;125;161;100m▓[38;2;151;193;120m▒[38;2;116;149;92m▓[38;2;116;149;92m▓[38;2;141;181;112m█[38;2;124;160;99m▒[38;2;131;168;104m█[38;2;124;159;99m▓[38;2;133;171;106m█[38;2;118;151;94m█[38;2;107;138;87m▒[38;2;147;189;117m█[38;2;107;138;87m▒[38;2;131;168;104m▓[38;2;70;128;181m▒[38;2;44;88;127m░[38;2;40;57;37m░[38;2;70;128;181m▒[38;2;44;88;127m░[38;2;76;138;189m▓[38;2;92;166;227m▓[38;2;88;159;218m▒[38;2;77;139;190m▒[38;2;83;149;204m█[38;2;86;155;212m█[38;2;86;156;213m▒[38;2;95;172;235m█[38;2;84;151;207m▓[38;2;90;163;223m▓[38;2;94;169;231m█[38;2;83;151;206m█[38;2;81;147;201m▓[38;2;88;160;219m▓[38;2;94;170;232m▓[38;2;93;169;230m▓[38;2;86;155;212m█[38;2;79;143;196m▓[38;2;82;148;202m▓[38;2;78;140;192m▒[38;2;93;168;230m▒[38;2;75;135;184m▓[38;2;78;141;193m▓[38;2;82;149;204m▓[38;2;79;143;196m▓[38;2;96;174;238m▓[38;2;87;157;214m▒[38;2;92;166;227m▓[38;2;83;151;206m█[38;2;77;139;190m█[38;2;95;171;234m█[38;2;80;145;198m█[38;2;73;132;181m█[38;2;95;171;234m█[38;2;95;172;235m▒[38;2;84;151;207m█[38;2;89;161;220m▓[38;2;78;142;194m▓[38;2;77;140;191m█[38;2;80;145;199m▒[0m
[38;2;115;148;92m▓[38;2;116;149;92m▒[38;2;131;168;104m▓[38;2;142;182;113m▓[38;2;146;187;116m▓[38;2;123;157;97m█[38;2;129;166;103m▓[38;2;133;170;106m█[38;2;143;184;114m▒[38;2;126;162;100m▓[38;2;146;187;116m▒[38;2;132;170;105m▒[38;2;145;187;116m▒[38;2;114;146;91m▒[38;2;129;166;103m▓[38;2;134;171;106m▓[38;2;129;165;102m▓[38;2;130;167;103m▓[38;2;136;175;108m█[38;2;147;189;117m█[38;2;114;146;90m▒[38;2;123;158;98m▒[38;2;125;160;99m▓[38;2;134;172;107m▒[38;2;135;173;107m▓[38;2;147;189;117m▓[38;2;132;169;105m▓[38;2;149;192;119m▓[38;2;140;180;112m▓[38;2;123;158;98m▓[38;2;123;157;97m▒[38;2;142;182;113m█[38;2;119;153;95m▓[38;2;133;171;106m▒[38;2;40;58;36m·[38;2;131;168;104m█[38;2;40;58;36m·[38;2;124;159;98m▒[38;2;118;152;94m▓[38;2;134;172;107m▓[38;2;128;164;102m█[38;2;147;189;117m▒[38;2;145;186;115m▓[38;2;28;55;80m·[38;2;72;131;179m█[38;2;70;128;181m▒[38;2;70;128;181m▒[38;2;44;88;127m░[38;2;28;55;80m·[38;2;92;167;229m▓[38;2;89;161;220m▓[38;2;44;88;127m░[38;2;79;143;195m█[38;2;77;139;190m█[38;2;78;141;193m▓[38;2;75;136;186m█[38;2;80;144;197m▓[38;2;95;171;234m▒[38;2;85;154;211m▒[38;2;81;146;200m▓[38;2;74;134;183m▓[38;2;88;160;219m▓[38;2;83;151;206m▓[38;2;82;149;203m▒[38;2;82;148;202m▓[38;2;91;165;226m█[38;2;85;154;211m▓[38;2;74;134;183m▒[38;2;90;163;223m▓[38;2;83;150;205m▓[38;2;88;159;217m▒[38;2;87;158;216m▓[38;2;83;150;206m▒[38;2;78;142;194m█[38;2;78;141;193m▓[38;2;77;139;190m▓[38;2;82;147;202m█[38;2;75;136;186m▓[38;2;88;160;218m█[38;2;75;136;186m█[38;2;84;151;207m▒[38;2;87;158;216m▓[38;2;88;159;217m▓[38;2;96;174;238m▓[38;2;85;154;211m▒[38;2;92;167;228m▓[38;2;73;132;180m▒[38;2;89;161;220m▓[0m